920898030 4.52
920898090 9.52
920898150 3.23
920898210 3.22
920898270 20.07
920898330 11.53
920898390 5.85
920898450 2.40
920898510 3.53
920898570 2.73
920898630 3.43
920898690 6.48
920898750 1.33
920898810 2.45
920898870 5.62
920898930 1.78
920898990 23.03
920899050 20.37
920899110 4.32
920899170 16.35
920899230 7.32
920899290 87.92
920899350 218.63
920899410 144.33
920899470 115.58
920899530 13.28
920899590 7.10
920899650 1.92
920899710 9.52
920899770 9.95
920899830 6.80
920899890 10.85
920899950 2.42
920900010 6.53
920900070 14.02
920900130 8.88
920900190 5.98
920900250 45.10
920900310 133.25
920900370 105.85
920900430 88.20
920900490 83.80
920900550 79.50
920900610 57.33
920900670 63.95
920900730 58.78
920900790 65.00
920900850 41.90
920900910 57.82
920900970 40.47
920901030 44.95
920901090 41.78
920901150 70.18
920901210 52.80
920901270 54.02
920901330 56.45
920901390 70.70
920901450 60.72
920901510 58.88
920901570 58.25
920901630 52.25
920901690 45.68
920901750 41.33
920901810 44.83
920901870 53.63
920901930 58.82
920901990 104.70
920902050 55.70
920902110 51.62
920902170 54.02
920902230 68.93
920902290 85.07
920902350 51.07
920902410 75.02
920902470 55.55
920902530 48.55
920902590 32.37
920902650 74.02
920902710 76.67
920902770 47.80
920902830 56.47
920902890 57.82
920902950 56.88
920903010 75.80
920903070 53.47
920903130 62.95
920903190 49.35
920903250 78.37
920903310 70.27
920903370 55.63
920903430 42.08
920903490 42.97
920903550 62.70
920903610 66.15
920903670 64.60
920903730 61.30
920903790 66.92
920903850 51.75
920903910 49.23
920903970 42.62
920904030 52.45
920904090 56.28
920904150 35.65
920904210 53.48
920904270 56.70
920904330 45.97
920904390 65.52
920904450 52.32
920904510 53.08
920904570 59.50
920904630 45.35
920904690 53.98
920904750 72.07
920904810 69.30
920904870 59.10
920904930 100.72
920904990 82.00
920905050 56.20
920905110 36.07
920905170 46.62
920905230 40.87
920905290 58.72
920905350 52.08
920905410 66.75
920905470 42.45
920905530 41.93
920905590 49.77
920905650 57.20
920905710 141.60
920905770 39.55
920905830 41.45
920905890 33.53
920905950 67.68
920906010 66.13
920906070 85.92
920906130 72.73
920906190 56.92
920906250 77.55
920906310 63.18
920906370 45.70
920906430 58.50
920906490 48.97
920906550 34.65
920906610 23.13
920906670 50.07
920906730 27.42
920906790 43.00
920906850 56.15
920906910 92.72
920906970 45.35
920907030 37.97
920907090 46.85
920907150 33.77
920907210 41.30
920907270 38.03
920907330 36.07
920907390 27.97
920907450 29.42
920907510 83.83
920907570 49.75
920907630 58.08
920907690 49.55
920907750 64.82
920907810 53.48
920907870 63.80
920907930 40.13
920907990 48.87
920908050 33.05
920908110 37.48
920908170 45.12
920908230 38.08
920908290 48.77
920908350 60.72
920908410 57.40
920908470 36.78
920908530 31.93
920908590 43.12
920908650 44.92
920908710 22.48
920908770 25.60
920908830 46.48
920908890 51.18
920908950 58.78
920909010 41.62
920909070 31.73
920909130 25.48
920909190 50.38
920909250 75.32
920909310 61.83
920909370 49.20
920909430 44.50
920909490 50.22
920909550 58.75
920909610 38.47
920909670 55.55
920909730 66.47
920909790 60.15
920909850 103.23
920909910 102.43
920909970 59.17
920910030 73.73
920910090 45.43
920910150 57.57
920910210 49.73
920910270 73.22
920910330 44.13
920910390 51.73
920910450 40.78
920910510 73.88
920910570 57.17
920910630 67.77
920910690 51.73
920910750 80.02
920910810 48.43
920910870 67.93
920910930 52.33
920910990 49.73
920911050 61.15
920911110 69.78
920911170 68.43
920911230 55.47
920911290 41.65
920911350 73.62
920911410 51.10
920911470 54.73
920911530 79.80
920911590 61.52
920911650 71.22
920911710 70.63
920911770 49.85
920911830 55.85
920911890 53.45
920911950 63.97
920912010 68.38
920912070 59.55
920912130 50.83
920912190 46.18
920912250 33.70
920912310 55.22
920912370 52.23
920912430 52.13
920912490 46.80
920912550 54.53
920912610 63.53
920912670 49.28
920912730 45.50
920912790 51.23
920912850 61.20
920912910 61.07
920912970 80.77
920913030 50.50
920913090 37.23
920913150 53.02
920913210 55.33
920913270 69.23
920913330 42.93
920913390 59.07
920913450 61.73
920913510 87.05
920913570 56.90
920913630 66.18
920913690 49.00
920913750 47.43
920913810 56.35
920913870 45.70
920913930 56.17
920913990 54.65
920914050 48.00
920914110 55.97
920914170 55.08
920914230 81.08
920914290 77.83
920914350 67.20
920914410 86.33
920914470 59.45
920914530 44.38
920914590 60.95
920914650 51.62
920914710 31.90
920914770 37.07
920914830 62.72
920914890 59.42
920914950 55.68
920915010 52.67
920915070 63.47
920915130 60.20
920915190 51.68
920915250 46.78
920915310 70.48
920915370 38.00
920915430 41.62
920915490 49.08
920915550 90.20
920915610 26.98
920915670 40.95
920915730 42.90
920915790 49.22
920915850 48.52
920915910 57.48
920915970 34.17
920916030 44.87
920916090 32.87
920916150 29.10
920916210 39.50
920916270 46.93
920916330 55.80
920916390 46.20
920916450 40.60
920916510 44.12
920916570 61.17
920916630 46.58
920916690 60.65
920916750 34.82
920916810 35.42
920916870 29.75
920916930 56.23
920916990 46.53
920917050 22.57
920917110 28.27
920917170 40.08
920917230 63.53
920917290 32.95
920917350 38.97
920917410 42.62
920917470 49.05
920917530 52.73
920917590 47.12
920917650 40.53
920917710 72.77
920917770 57.72
920917830 63.60
920917890 28.88
920917950 53.40
920918010 56.28
920918070 42.07
920918130 76.45
920918190 93.78
920918250 64.83
920918310 74.62
920918370 65.43
920918430 60.42
920918490 35.55
920918550 62.63
920918610 31.47
920918670 53.55
920918730 95.08
920918790 38.38
920918850 18.95
920918910 52.95
920918970 39.27
920919030 34.30
920919090 64.83
920919150 67.35
920919210 41.10
920919270 32.10
920919330 39.98
920919390 36.28
920919450 34.95
920919510 43.48
920919570 30.60
920919630 65.45
920919690 27.15
920919750 29.70
920919810 28.23
920919870 38.12
920919930 41.95
920919990 26.33
920920050 41.48
920920110 43.03
920920170 42.60
920920230 53.62
920920290 46.63
920920350 31.48
920920410 21.17
920920470 40.47
920920530 58.90
920920590 27.40
920920650 42.82
920920710 58.75
920920770 43.27
920920830 58.00
920920890 79.95
920920950 33.50
920921010 12.48
920921070 33.67
920921130 24.77
920921190 24.23
920921250 25.28
920921310 25.07
920921370 36.63
920921430 32.00
920921490 81.53
920921550 45.48
920921610 33.48
920921670 34.15
920921730 35.83
920921790 55.40
920921850 55.77
920921910 27.62
920921970 52.37
920922030 50.08
920922090 31.95
920922150 30.60
920922210 37.95
920922270 11.70
920922330 37.00
920922390 31.30
920922450 59.77
920922510 56.90
920922570 57.37
920922630 58.73
920922690 60.48
920922750 33.95
920922810 25.57
920922870 27.50
920922930 32.35
920922990 49.03
920923050 34.08
920923110 37.43
920923170 45.20
920923230 52.23
920923290 44.82
920923350 57.70
920923410 81.42
920923470 39.48
920923530 46.97
920923590 46.05
920923650 50.35
920923710 57.22
920923770 48.25
920923830 46.98
920923890 58.50
920923950 50.28
920924010 84.13
920924070 25.52
920924130 35.75
920924190 40.23
920924250 39.47
920924310 41.82
920924370 40.22
920924430 43.82
920924490 33.97
920924550 35.58
920924610 27.37
920924670 43.68
920924730 47.98
920924790 43.65
920924850 52.68
920924910 46.55
920924970 57.40
920925030 55.68
920925090 58.47
920925150 38.77
920925210 25.82
920925270 43.78
920925330 71.17
920925390 56.15
920925450 53.40
920925510 53.03
920925570 41.60
920925630 47.17
920925690 42.93
920925750 48.78
920925810 33.00
920925870 38.00
920925930 66.92
920925990 46.22
920926050 26.85
920926110 77.90
920926170 34.37
920926230 40.07
920926290 44.67
920926350 67.80
920926410 42.07
920926470 49.58
920926530 53.98
920926590 77.30
920926650 29.63
920926710 38.80
920926770 33.17
920926830 29.75
920926890 43.07
920926950 50.95
920927010 46.92
920927070 35.53
920927130 47.85
920927190 30.85
920927250 65.60
920927310 73.13
920927370 51.45
920927430 56.88
920927490 31.55
920927550 44.07
920927610 48.28
920927670 38.98
920927730 47.32
920927790 66.65
920927850 39.05
920927910 35.88
920927970 41.02
920928030 53.05
920928090 39.25
920928150 44.12
920928210 42.85
920928270 47.80
920928330 34.33
920928390 34.32
920928450 40.63
920928510 32.45
920928570 26.00
920928630 26.25
920928690 18.05
920928750 32.30
920928810 43.48
920928870 39.48
920928930 32.87
920928990 38.75
920929050 57.13
920929110 28.90
920929170 42.07
920929230 51.05
920929290 74.32
920929350 39.88
920929410 48.62
920929470 52.83
920929530 43.43
920929590 33.85
920929650 39.38
920929710 45.67
920929770 34.18
920929830 28.58
920929890 28.95
920929950 38.13
920930010 36.93
920930070 45.23
920930130 23.47
920930190 41.53
920930250 45.93
920930310 22.48
920930370 28.00
920930430 29.22
920930490 35.85
920930550 37.17
920930610 32.93
920930670 36.45
920930730 47.35
920930790 22.37
920930850 36.50
920930910 38.77
920930970 60.25
920931030 54.50
920931090 47.95
920931150 81.25
920931210 38.58
920931270 39.50
920931330 45.02
920931390 27.03
920931450 24.28
920931510 42.72
920931570 19.20
920931630 17.65
920931690 17.65
920931750 33.52
920931810 36.90
920931870 26.45
920931930 29.22
920931990 32.25
920932050 30.65
920932110 24.12
920932170 39.00
920932230 17.72
920932290 28.25
920932350 39.50
920932410 45.30
920932470 53.02
920932530 27.00
920932590 19.97
920932650 27.60
920932710 9.88
920932770 20.53
920932830 10.58
920932890 6.20
920932950 13.53
920933010 19.35
920933070 20.02
920933130 12.50
920933190 11.93
920933250 11.37
920933310 17.03
920933370 14.33
920933430 6.98
920933490 13.72
920933550 12.67
920933610 20.18
920933670 24.20
920933730 19.87
920933790 41.83
920933850 13.58
920933910 3.35
920933970 7.38
920934030 7.73
920934090 5.92
920934150 2.58
920934210 2.23
920934270 7.72
920934330 2.82
920934390 4.28
920934450 12.72
920934510 13.05
920934570 4.77
920934630 7.22
920934690 4.12
920934750 8.77
920934810 5.42
920934870 40.28
920934930 12.78
920934990 4.07
920935050 7.52
920935110 6.10
920935170 8.95
920935230 1.67
920935290 3.57
920935350 1.50
920935410 10.12
920935470 1.12
920935530 5.90
920935590 6.57
920935650 6.92
920935710 11.63
920935770 2.52
920935830 6.35
920935890 8.07
920935950 2.43
920936010 6.65
920936070 8.42
920936130 13.08
920936190 1.75
920936250 2.98
920936310 0.58
920936370 3.40
920936430 5.45
920936490 2.73
920936550 8.13
920936610 7.12
920936670 11.68
920936730 14.27
920936790 11.27
920936850 11.62
920936910 9.03
920936970 15.03
920937030 13.17
920937090 16.28
920937150 9.15
920937210 11.60
920937270 2.25
920937330 7.68
920937390 2.83
920937450 3.92
920937510 6.83
920937570 5.02
920937630 1.83
920937690 1.22
920937750 13.43
920937810 6.37
920937870 6.25
920937930 5.03
920937990 1.40
920938050 0.92
920938110 1.47
920938170 11.85
920938230 2.45
920938290 4.33
920938350 2.22
920938410 1.75
920938470 5.98
920938530 0.55
920938590 2.75
920938650 1.28
920938710 3.65
920938770 7.90
920938830 0.88
920938890 7.15
920938950 1.78
920939010 2.70
920939070 0.57
920939130 20.13
920939190 17.13
920939250 0.62
920939310 4.92
920939370 4.82
920939430 4.92
920939490 8.37
920939550 4.42
920939610 0.63
920939670 5.95
920939730 4.65
920939790 1.00
920939850 0.82
920939910 1.88
920939970 1.13
920940030 0.57
920940090 0.53
920940150 1.70
920940210 0.67
920940270 0.57
920940330 1.40
920940390 4.90
920940450 0.57
920940510 3.23
920940570 1.07
920940630 0.88
920940690 0.85
920940750 0.53
920940810 1.40
920940870 3.17
920940930 0.63
920940990 2.77
920941050 3.70
920941110 2.18
920941170 1.07
920941230 0.38
920941290 7.78
920941350 10.93
920941410 13.05
920941470 13.68
920941530 17.95
920941590 3.92
920941650 0.58
920941710 0.53
920941770 4.33
920941830 0.53
920941890 0.53
920941950 0.77
920942010 0.57
920942070 0.68
920942130 0.57
920942190 0.40
920942250 0.57
920942310 0.45
920942370 0.82
920942430 0.58
920942490 0.97
920942550 0.42
920942610 3.90
920942670 0.50
920942730 0.58
920942790 0.55
920942850 0.50
920942910 0.85
920942970 0.98
920943030 0.58
920943090 0.52
920943150 0.60
920943210 0.83
920943270 5.15
920943330 1.13
920943390 0.42
920943450 0.63
920943510 0.48
920943570 0.52
920943630 0.55
920943690 0.63
920943750 0.40
920943810 0.65
920943870 0.42
920943930 0.95
920943990 1.18
920944050 0.58
920944110 0.43
920944170 6.42
920944230 0.80
920944290 0.67
920944350 0.45
920944410 0.47
920944470 3.00
920944530 0.57
920944590 0.42
920944650 1.90
920944710 5.33
920944770 0.58
920944830 0.53
920944890 0.57
920944950 0.43
920945010 0.60
920945070 0.48
920945130 0.87
920945190 0.82
920945250 0.68
920945310 0.42
920945370 0.52
920945430 0.48
920945490 0.50
920945550 0.82
920945610 0.53
920945670 0.42
920945730 0.43
920945790 0.58
920945850 0.72
920945910 0.58
920945970 0.57
920946030 0.48
920946090 0.57
920946150 0.45
920946210 0.58
920946270 0.45
920946330 0.53
920946390 0.45
920946450 0.58
920946510 0.45
920946570 0.63
920946630 0.42
920946690 0.40
920946750 0.47
920946810 0.53
920946870 5.10
920946930 1.10
920946990 0.53
920947050 0.85
920947110 0.53
920947170 0.55
920947230 0.42
920947290 0.57
920947350 0.55
920947410 0.50
920947470 0.43
920947530 0.53
920947590 0.45
920947650 0.62
920947710 0.50
920947770 0.52
920947830 0.45
920947890 0.65
920947950 0.38
920948010 0.57
920948070 0.47
920948130 0.63
920948190 0.50
920948250 0.60
920948310 0.45
920948370 0.53
920948430 0.57
920948490 0.50
920948550 0.72
920948610 0.52
920948670 0.48
920948730 0.63
920948790 0.48
920948850 0.60
920948910 0.42
920948970 0.58
920949030 0.42
920949090 0.53
920949150 0.53
920949210 0.57
920949270 0.38
920949330 0.53
920949390 0.47
920949450 0.62
920949510 0.63
920949570 0.47
920949630 0.45
920949690 0.55
920949750 0.48
920949810 0.50
920949870 0.55
920949930 0.48
920949990 0.52
920950050 0.87
920950110 0.43
920950170 0.50
920950230 0.45
920950290 0.57
920950350 0.53
920950410 0.60
920950470 5.05
920950530 1.12
920950590 0.43
920950650 0.53
920950710 0.48
920950770 0.58
920950830 0.45
920950890 0.50
920950950 0.45
920951010 0.53
920951070 0.55
920951130 0.50
920951190 0.42
920951250 0.55
920951310 0.52
920951370 0.50
920951430 0.55
920951490 0.43
920951550 0.80
920951610 0.53
920951670 0.48
920951730 0.50
920951790 0.48
920951850 0.67
920951910 0.45
920951970 0.75
920952030 0.78
920952090 0.57
920952150 0.47
920952210 0.53
920952270 0.48
920952330 0.57
920952390 0.50
920952450 0.47
920952510 0.48
920952570 0.55
920952630 0.55
920952690 0.57
920952750 0.45
920952810 0.47
920952870 0.48
920952930 0.57
920952990 0.47
920953050 0.92
920953110 0.42
920953170 0.65
920953230 0.77
920953290 0.57
920953350 0.52
920953410 0.53
920953470 0.42
920953530 0.52
920953590 0.42
920953650 0.67
920953710 0.45
920953770 0.57
920953830 0.42
920953890 0.52
920953950 0.50
920954010 0.55
920954070 5.08
920954130 1.07
920954190 0.53
920954250 0.55
920954310 0.42
920954370 0.55
920954430 0.45
920954490 0.60
920954550 0.72
920954610 0.50
920954670 0.38
920954730 0.57
920954790 0.50
920954850 0.75
920954910 0.50
920954970 0.60
920955030 0.48
920955090 0.57
920955150 0.43
920955210 0.60
920955270 0.50
920955330 0.47
920955390 0.38
920955450 0.58
920955510 0.53
920955570 0.65
920955630 1.45
920955690 0.42
920955750 0.53
920955810 0.55
920955870 0.43
920955930 0.65
920955990 0.50
920956050 0.87
920956110 0.45
920956170 0.60
920956230 0.43
920956290 0.58
920956350 0.52
920956410 0.50
920956470 0.43
920956530 0.52
920956590 0.53
920956650 0.53
920956710 0.50
920956770 0.50
920956830 0.57
920956890 0.52
920956950 0.43
920957010 0.52
920957070 0.58
920957130 0.60
920957190 0.47
920957250 0.52
920957310 0.40
920957370 0.58
920957430 0.50
920957490 0.48
920957550 0.75
920957610 0.60
920957670 5.00
920957730 1.12
920957790 0.52
920957850 0.65
920957910 0.43
920957970 0.43
920958030 0.48
920958090 0.53
920958150 0.57
920958210 0.48
920958270 0.43
920958330 0.48
920958390 0.53
920958450 0.57
920958510 0.50
920958570 0.55
920958630 0.57
920958690 0.48
920958750 0.47
920958810 0.48
920958870 0.43
920958930 0.65
920958990 0.43
920959050 0.48
920959110 0.78
920959170 0.53
920959230 0.42
920959290 0.58
920959350 0.55
920959410 0.58
920959470 0.62
920959530 0.75
920959590 0.43
920959650 0.53
920959710 0.57
920959770 0.50
920959830 0.48
920959890 0.45
920959950 0.55
920960010 0.48
920960070 0.50
920960130 0.47
920960190 0.43
920960250 1.30
920960310 0.48
920960370 0.52
920960430 0.60
920960490 0.58
920960550 0.47
920960610 0.48
920960670 0.48
920960730 0.55
920960790 0.55
920960850 0.43
920960910 0.48
920960970 0.47
920961030 0.53
920961090 0.47
920961150 0.55
920961210 0.50
920961270 5.15
920961330 0.97
920961390 0.50
920961450 0.47
920961510 0.57
920961570 0.58
920961630 0.52
920961690 0.47
920961750 0.52
920961810 0.50
920961870 0.47
920961930 0.57
920961990 0.45
920962050 0.55
920962110 0.50
920962170 0.47
920962230 0.50
920962290 0.58
920962350 0.52
920962410 0.43
920962470 0.47
920962530 0.53
920962590 0.53
920962650 0.60
920962710 0.55
920962770 0.50
920962830 0.50
920962890 0.47
920962950 0.48
920963010 0.53
920963070 0.45
920963130 0.63
920963190 0.45
920963250 0.52
920963310 0.42
920963370 0.62
920963430 0.50
920963490 0.50
920963550 0.50
920963610 0.47
920963670 0.52
920963730 0.53
920963790 0.45
920963850 0.58
920963910 0.63
920963970 0.47
920964030 0.62
920964090 0.53
920964150 0.52
920964210 0.53
920964270 0.53
920964330 0.40
920964390 0.45
920964450 0.62
920964510 0.45
920964570 0.60
920964630 0.45
920964690 0.53
920964750 0.43
920964810 0.52
920964870 5.03
920964930 1.17
920964990 0.43
920965050 0.47
920965110 0.47
920965170 0.52
920965230 0.55
920965290 0.55
920965350 0.45
920965410 0.47
920965470 0.52
920965530 0.47
920965590 0.50
920965650 0.58
920965710 0.47
920965770 0.53
920965830 0.55
920965890 0.47
920965950 0.43
920966010 0.63
920966070 0.50
920966130 0.53
920966190 0.50
920966250 0.55
920966310 0.52
920966370 0.50
920966430 0.55
920966490 0.45
920966550 0.55
920966610 0.48
920966670 0.47
920966730 0.53
920966790 0.60
920966850 0.48
920966910 0.37
920966970 0.47
920967030 0.57
920967090 0.50
920967150 0.55
920967210 0.42
920967270 0.53
920967330 0.53
920967390 0.50
920967450 0.58
920967510 0.50
920967570 0.58
920967630 0.50
920967690 0.45
920967750 0.50
920967810 0.50
920967870 0.53
920967930 0.52
920967990 0.47
920968050 0.48
920968110 0.53
920968170 0.48
920968230 0.93
920968290 0.52
920968350 0.60
920968410 0.52
920968470 5.13
920968530 1.02
920968590 0.47
920968650 0.55
920968710 0.53
920968770 0.50
920968830 0.40
920968890 0.55
920968950 0.48
920969010 0.48
920969070 0.53
920969130 0.55
920969190 0.43
920969250 0.50
920969310 0.52
920969370 0.47
920969430 0.68
920969490 0.55
920969550 0.42
920969610 0.48
920969670 0.55
920969730 0.45
920969790 0.40
920969850 0.57
920969910 0.47
920969970 0.58
920970030 0.48
920970090 0.48
920970150 0.45
920970210 0.63
920970270 0.47
920970330 0.55
920970390 0.48
920970450 0.52
920970510 0.47
920970570 0.62
920970630 0.57
920970690 0.52
920970750 0.48
920970810 0.45
920970870 0.48
920970930 0.55
920970990 0.53
920971050 0.53
920971110 0.47
920971170 0.45
920971230 0.63
920971290 0.55
920971350 0.47
920971410 0.52
920971470 0.50
920971530 0.48
920971590 0.47
920971650 0.58
920971710 0.40
920971770 0.62
920971830 0.47
920971890 0.48
920971950 0.50
920972010 0.52
920972070 5.13
920972130 1.08
920972190 0.48
920972250 0.48
920972310 0.55
920972370 0.50
920972430 0.58
920972490 0.45
920972550 0.53
920972610 0.45
920972670 0.47
920972730 0.47
920972790 0.57
920972850 0.70
920972910 0.48
920972970 0.52
920973030 0.50
920973090 0.53
920973150 0.50
920973210 0.52
920973270 0.48
920973330 0.57
920973390 10.57
920973450 0.47
920973510 5.75
920973570 10.63
920973630 5.45
920973690 0.45
920973750 0.57
920973810 12.90
920973870 6.15
920973930 5.32
920973990 4.68
920974050 1.15
920974110 9.93
920974170 0.53
920974230 0.47
920974290 3.28
920974350 0.50
920974410 0.52
920974470 0.97
920974530 3.55
920974590 4.88
920974650 5.70
920974710 2.85
920974770 5.73
920974830 0.58
920974890 1.77
920974950 0.72
920975010 0.52
920975070 1.12
920975130 2.42
920975190 3.72
920975250 5.75
920975310 0.63
920975370 1.97
920975430 0.53
920975490 0.53
920975550 0.65
920975610 6.88
920975670 8.18
920975730 1.05
920975790 3.07
920975850 1.90
920975910 0.47
920975970 4.07
920976030 2.93
920976090 3.15
920976150 2.62
920976210 2.78
920976270 0.53
920976330 2.95
920976390 4.22
920976450 4.87
920976510 6.35
920976570 3.62
920976630 11.07
920976690 0.48
920976750 7.37
920976810 0.47
920976870 5.55
920976930 0.58
920976990 5.40
920977050 9.48
920977110 13.48
920977170 0.47
920984432 2.52
920984492 17.10
920984552 36.63
920984612 61.07
920984672 65.62
920984732 54.80
920984792 54.87
920984852 38.62
920984912 30.93
920984972 4.95
920985032 25.67
920985092 5.67
920985152 5.68
920985212 5.43
920985272 3.73
920985332 9.37
920985392 4.22
920985452 16.83
920985512 20.68
920985572 14.05
920985632 5.67
920985692 17.20
920985752 3.95
920985812 1.40
920985872 1.40
920985932 6.08
920985992 9.98
920986052 4.15
920986112 1.05
920986172 2.57
920986232 4.78
920986292 17.83
920986352 19.25
920986412 11.22
920986472 25.65
920986532 14.25
920986592 18.08
920986652 16.80
920986712 25.18
920986772 23.33
920986832 15.23
920986892 44.35
920986952 28.62
920987012 27.32
920987072 32.75
920987132 31.77
920987192 27.57
920987252 29.55
920987312 39.23
920987372 29.40
920987432 18.50
920987492 28.15
920987552 37.95
920987612 20.07
920987672 22.03
920987732 20.25
920987792 21.58
920987852 28.08
920987912 27.32
920987972 22.08
920988032 24.85
920988092 21.75
920988152 27.43
920988212 34.88
920988272 43.35
920988332 18.85
920988392 29.45
920988452 39.63
920988512 51.98
920988572 30.73
920988632 40.38
920988692 25.00
920988752 30.20
920988812 35.22
920988872 21.08
920988932 12.37
920988992 22.50
920989052 17.15
920989112 24.50
920989172 17.63
920989232 24.72
920989292 18.28
920989352 18.65
920989412 16.03
920989472 18.85
920989532 31.85
920989592 9.18
920989652 4.42
920989712 16.57
920989772 24.85
920989832 33.87
920989892 19.83
920989952 48.67
920990012 38.03
920990072 98.90
920990132 18.48
920990192 18.50
920990252 25.12
920990312 33.73
920990372 16.78
920990432 39.72
920990492 10.83
920990552 14.87
920990612 22.08
920990672 20.32
920990732 27.67
920990792 27.57
920990852 51.73
920990912 19.63
920990972 38.82
920991032 41.75
920991092 28.27
920991152 36.95
920991212 29.05
920991272 24.65
920991332 26.55
920991392 38.15
920991452 13.23
920991512 24.03
920991572 18.22
920991632 24.17
920991692 12.13
920991752 14.32
920991812 41.48
920991872 52.97
920991932 24.53
920991992 17.92
920992052 15.38
920992112 23.28
920992172 45.05
920992232 20.72
920992292 24.07
920992352 11.17
920992412 18.38
920992472 39.57
920992532 18.05
920992592 22.27
920992652 29.80
920992712 43.12
920992772 37.60
920992832 27.88
920992892 20.22
920992952 29.28
920993012 36.08
920993072 46.12
920993132 30.18
920993192 55.28
920993252 38.67
920993312 41.37
920993372 77.77
920993432 53.60
920993492 66.83
920993552 53.48
920993612 56.67
920993672 51.57
920993732 31.95
920993792 35.27
920993852 33.58
920993912 29.13
920993972 45.87
920994032 34.28
920994092 42.67
920994152 49.72
920994212 27.12
920994272 49.67
920994332 35.65
920994392 39.72
920994452 46.45
920994512 54.28
920994572 29.83
920994632 37.05
920994692 43.67
920994752 36.13
920994812 38.73
920994872 55.88
920994932 39.60
920994992 49.43
920995052 53.57
920995112 61.75
920995172 38.37
920995232 42.03
920995292 34.77
920995352 34.52
920995412 47.25
920995472 46.37
920995532 65.58
920995592 21.85
920995652 40.67
920995712 84.38
920995772 40.83
920995832 44.70
920995892 47.93
920995952 47.18
920996012 19.57
920996072 18.40
920996132 16.93
920996192 35.27
920996252 29.53
920996312 13.20
920996372 51.88
920996432 34.45
920996492 28.17
920996552 13.88
920996612 75.23
920996672 35.38
920996732 30.15
920996792 34.87
920996852 21.95
920996912 35.78
920996972 22.65
920997032 14.77
920997092 22.32
920997152 22.58
920997212 42.03
920997272 49.10
920997332 53.47
920997392 70.35
920997452 82.70
920997512 42.68
920997572 47.37
920997632 24.78
920997692 58.98
920997752 62.60
920997812 55.88
920997872 36.68
920997932 26.68
920997992 38.83
920998052 14.38
920998112 35.87
920998172 34.48
920998232 24.93
920998292 21.13
920998352 32.52
920998412 26.20
920998472 26.25
920998532 35.32
920998592 33.25
920998652 26.90
920998712 28.25
920998772 30.68
920998832 25.73
920998892 40.37
920998952 29.53
920999012 42.97
920999072 73.80
920999132 37.38
920999192 53.80
920999252 27.93
920999312 50.73
920999372 20.73
920999432 38.32
920999492 34.37
920999552 40.10
920999612 47.37
920999672 35.32
920999732 48.28
920999792 46.77
920999852 32.57
920999912 43.98
920999972 45.23
921000032 42.43
921000092 47.15
921000152 19.53
921000212 45.93
921000272 43.58
921000332 49.17
921000392 23.40
921000452 56.92
921000512 42.67
921000572 56.53
921000632 61.90
921000692 41.03
921000752 55.62
921000812 33.88
921000872 44.65
921000932 45.55
921000992 40.35
921001052 63.92
921001112 78.37
921001172 42.65
921001232 33.20
921001292 38.80
921001352 59.22
921001412 62.22
921001472 68.80
921001532 30.93
921001592 47.12
921001652 52.78
921001712 43.52
921001772 41.98
921001832 53.90
921001892 91.97
921001952 52.55
921002012 23.28
921002072 41.42
921002132 52.27
921002192 35.93
921002252 41.43
921002312 40.02
921002372 50.27
921002432 80.70
921002492 34.65
921002552 27.65
921002612 38.10
921002672 46.70
921002732 37.83
921002792 42.63
921002852 53.80
921002912 23.22
921002972 55.55
921003032 46.43
921003092 31.93
921003152 51.05
921003212 37.63
921003272 92.22
921003332 52.23
921003392 69.27
921003452 58.28
921003512 41.62
921003572 25.75
921003632 41.13
921003692 30.77
921003752 23.98
921003812 30.18
921003872 30.00
921003932 25.52
921003992 31.28
921004052 43.48
921004112 34.10
921004172 17.15
921004232 31.47
921004292 25.27
921004352 37.47
921004412 35.83
921004472 34.38
921004532 31.42
921004592 35.65
921004652 40.35
921004712 32.62
921004772 27.30
921004832 61.38
921004892 69.07
921004952 67.98
921005012 54.75
921005072 46.42
921005132 29.15
921005192 25.42
921005252 37.73
921005312 40.07
921005372 38.52
921005432 39.98
921005492 45.12
921005552 46.63
921005612 37.12
921005672 34.15
921005732 22.90
921005792 27.97
921005852 52.67
921005912 58.77
921005972 39.50
921006032 33.82
921006092 40.92
921006152 47.17
921006212 26.93
921006272 42.55
921006332 33.47
921006392 27.42
921006452 84.13
921006512 22.17
921006572 54.92
921006632 70.77
921006692 29.12
921006752 49.82
921006812 47.05
921006872 58.55
921006932 25.82
921006992 35.35
921007052 29.92
921007112 49.23
921007172 32.92
921007232 46.12
921007292 27.80
921007352 25.60
921007412 39.10
921007472 42.03
921007532 77.85
921007592 76.80
921007652 93.10
921007712 76.30
921007772 76.22
921007832 77.05
921007892 108.47
921007952 70.82
921008012 65.30
921008072 89.17
921008132 35.43
921008192 40.65
921008252 57.77
921008312 21.22
921008372 43.02
921008432 25.35
921008492 39.28
921008552 27.35
921008612 38.00
921008672 37.98
921008732 8.85
921008792 16.22
921008852 19.33
921008912 24.82
921008972 34.22
921009032 29.68
921009092 31.50
921009152 36.68
921009212 49.00
921009272 36.15
921009332 30.63
921009392 17.70
921009452 26.05
921009512 51.50
921009572 76.72
921009632 64.65
921009692 49.93
921009752 30.75
921009812 36.55
921009872 46.32
921009932 26.75
921009992 42.70
921010052 23.28
921010112 31.32
921010172 38.85
921010232 58.77
921010292 56.77
921010352 30.23
921010412 41.42
921010472 60.17
921010532 69.93
921010592 46.58
921010652 77.42
921010712 33.47
921010772 77.60
921010832 40.12
921010892 37.13
921010952 51.37
921011012 40.03
921011072 57.72
921011132 25.35
921011192 36.47
921011252 26.63
921011312 66.85
921011372 29.90
921011432 50.30
921011492 47.82
921011552 41.52
921011612 21.08
921011672 41.52
921011732 37.55
921011792 39.40
921011852 48.82
921011912 76.83
921011972 67.60
921012032 62.83
921012092 69.32
921012152 93.07
921012212 24.88
921012272 44.62
921012332 51.38
921012392 45.47
921012452 60.55
921012512 65.78
921012572 41.72
921012632 52.03
921012692 77.48
921012752 69.17
921012812 72.65
921012872 55.10
921012932 85.27
921012992 77.73
921013052 55.60
921013112 68.90
921013172 46.88
921013232 90.65
921013292 77.70
921013352 90.63
921013412 84.72
921013472 70.23
921013532 81.72
921013592 101.45
921013652 75.55
921013712 77.50
921013772 92.15
921013832 56.43
921013892 52.73
921013952 92.25
921014012 73.02
921014072 72.68
921014132 49.20
921014192 41.72
921014252 50.50
921014312 39.42
921014372 48.10
921014432 47.37
921014492 43.75
921014552 46.28
921014612 54.60
921014672 43.57
921014732 49.87
921014792 69.02
921014852 34.65
921014912 58.15
921014972 82.17
921015032 76.18
921015092 67.05
921015152 63.90
921015212 72.85
921015272 32.48
921015332 37.25
921015392 19.43
921015452 58.30
921015512 48.65
921015572 85.52
921015632 21.68
921015692 40.23
921015752 37.30
921015812 46.12
921015872 35.83
921015932 41.83
921015992 35.60
921016052 20.80
921016112 32.40
921016172 45.40
921016232 41.57
921016292 60.42
921016352 46.97
921016412 36.05
921016472 33.10
921016532 26.32
921016592 48.55
921016652 41.78
921016712 54.33
921016772 34.68
921016832 33.53
921016892 44.20
921016952 31.85
921017012 62.00
921017072 44.65
921017132 40.45
921017192 38.10
921017252 25.28
921017312 43.18
921017372 32.32
921017432 52.02
921017492 54.80
921017552 50.63
921017612 36.13
921017672 50.92
921017732 34.45
921017792 27.18
921017852 57.52
921017912 24.38
921017972 39.10
921018032 17.05
921018092 37.95
921018152 23.70
921018212 23.75
921018272 40.97
921018332 35.25
921018392 47.03
921018452 25.80
921018512 20.73
921018572 52.33
921018632 15.97
921018692 28.85
921018752 26.97
921018812 11.67
921018872 18.55
921018932 22.20
921018992 34.12
921019052 21.08
921019112 28.30
921019172 28.08
921019232 18.52
921019292 19.35
921019352 19.83
921019412 15.63
921019472 22.63
921019532 26.53
921019592 22.32
921019652 30.02
921019712 47.12
921019772 13.02
921019832 42.55
921019892 20.45
921019952 24.40
921020012 36.45
921020072 48.23
921020132 30.03
921020192 34.72
921020252 24.90
921020312 18.27
921020372 24.18
921020432 27.62
921020492 13.88
921020552 34.32
921020612 13.97
921020672 26.05
921020732 18.85
921020792 36.78
921020852 11.78
921020912 13.47
921020972 18.95
921021032 18.47
921021092 33.17
921021152 14.67
921021212 18.12
921021272 11.28
921021332 11.32
921021392 17.75
921021452 9.23
921021512 32.00
921021572 45.52
921021632 11.40
921021692 12.88
921021752 11.87
921021812 32.67
921021872 5.37
921021932 8.55
921021992 7.18
921022052 9.78
921022112 12.60
921022172 28.17
921022232 6.67
921022292 21.52
921022352 14.92
921022412 14.02
921022472 7.78
921022532 23.57
921022592 13.37
921022652 16.17
921022712 23.53
921022772 9.15
921022832 9.08
921022892 31.58
921022952 3.52
921023012 14.02
921023072 5.28
921023132 10.13
921023192 9.57
921023252 3.45
921023312 5.95
921023372 5.82
921023432 9.32
921023492 4.48
921023552 8.72
921023612 6.28
921023672 1.87
921023732 0.82
921023792 1.05
921023852 12.57
921023912 2.58
921023972 2.28
921024032 5.12
921024092 3.28
921024152 0.88
921024212 4.55
921024272 2.27
921024332 6.35
921024392 10.40
921024452 22.67
921024512 7.85
921024572 7.28
921024632 14.88
921024692 4.63
921024752 7.92
921024812 1.93
921024872 6.90
921024932 10.80
921024992 0.48
921025052 4.25
921025112 11.95
921025172 9.35
921025232 7.10
921025292 2.15
921025352 10.47
921025412 1.58
921025472 3.70
921025532 13.68
921025592 6.57
921025652 9.87
921025712 9.13
921025772 7.60
921025832 9.92
921025892 1.55
921025952 9.50
921026012 11.48
921026072 7.23
921026132 1.22
921026192 5.05
921026252 7.28
921026312 14.20
921026372 8.37
921026432 9.05
921026492 27.63
921026552 17.83
921026612 24.58
921026672 14.88
921026732 13.27
921026792 6.63
921026852 7.62
921026912 6.57
921026972 24.07
921027032 27.95
921027092 18.35
921027152 9.07
921027212 13.30
921027272 5.80
921027332 13.60
921027392 22.25
921027452 13.98
921027512 3.12
921027572 5.65
921027632 6.85
921027692 2.37
921027752 7.72
921027812 16.80
921027872 3.68
921027932 2.77
921027992 18.28
921028052 33.65
921028112 9.47
921028172 3.68
921028232 9.37
921028292 0.87
921028352 1.23
921028412 1.77
921028472 0.58
921028532 4.35
921028592 0.48
921028652 4.13
921028712 0.47
921028772 0.67
921028832 13.00
921028892 4.73
921028952 2.65
921029012 7.28
921029072 4.00
921029132 8.45
921029192 0.43
921029252 2.20
921029312 6.28
921029372 4.13
921029432 1.55
921029492 2.67
921029552 1.95
921029612 6.62
921029672 0.85
921029732 4.77
921029792 4.65
921029852 6.88
921029912 9.12
921029972 3.12
921030032 10.13
921030092 10.23
921030152 22.85
921030212 11.03
921030272 8.25
921030332 6.50
921030392 2.38
921030452 2.07
921030512 6.63
921030572 15.68
921030632 5.13
921030692 3.32
921030752 9.98
921030812 3.90
921030872 8.53
921030932 3.48
921030992 2.75
921031052 0.80
921031112 2.02
921031172 1.62
921031232 1.02
921031292 0.78
921031352 0.93
921031412 6.32
921031472 1.83
921031532 1.97
921031592 3.25
921031652 0.42
921031712 4.40
921031772 1.22
921031832 0.92
921031892 2.98
921031952 2.40
921032012 0.48
921032072 1.43
921032132 7.25
921032192 2.07
921032252 4.45
921032312 2.60
921032372 2.30
921032432 5.48
921032492 4.17
921032552 6.73
921032612 4.15
921032672 0.52
921032732 6.08
921032792 1.93
921032852 1.52
921032912 2.52
921032972 0.57
921033032 3.97
921033092 4.35
921033152 2.13
921033212 6.48
921033272 3.67
921033332 1.05
921033392 5.18
921033452 0.57
921033512 2.47
921033572 4.15
921033632 0.48
921033692 4.02
921033752 4.08
921033812 4.23
921033872 7.95
921033932 3.88
921033992 5.87
921034052 6.65
921034112 6.73
921034172 6.05
921034232 8.92
921034292 6.73
921034352 3.38
921034412 6.87
921034472 2.30
921034532 2.35
921034592 1.98
921034652 3.85
921034712 0.47
921034772 0.55
921034832 0.92
921034892 7.82
921034952 1.93
921035012 5.30
921035072 4.73
921035132 2.27
921035192 6.58
921035252 5.50
921035312 1.07
921035372 3.93
921035432 7.58
921035492 9.45
921035552 1.80
921035612 7.55
921035672 7.10
921035732 4.48
921035792 7.87
921035852 3.92
921035912 0.98
921035972 3.20
921036032 0.93
921036092 7.15
921036152 0.68
921036212 5.17
921036272 3.30
921036332 3.07
921036392 0.75
921036452 1.48
921036512 5.15
921036572 6.08
921036632 0.98
921036692 1.05
921036752 5.17
921036812 1.35
921036872 0.47
921036932 1.65
921036992 4.43
921037052 4.60
921037112 0.52
921037172 2.18
921037232 4.00
921037292 2.25
921037352 2.52
921037412 0.48
921037472 4.25
921037532 5.17
921037592 0.87
921037652 1.00
921037712 2.10
921037772 1.27
921037832 1.20
921037892 3.78
921037952 1.98
921038012 1.07
921038072 1.50
921038132 0.43
921038192 1.30
921038252 0.70
921038312 2.13
921038372 2.33
921038432 0.43
921038492 1.35
921038552 0.72
921038612 3.25
921038672 4.07
921038732 1.63
921038792 5.75
921038852 0.77
921038912 0.98
921038972 1.05
921039032 0.43
921039092 0.50
921039152 4.08
921039212 1.10
921039272 0.95
921039332 4.27
921039392 3.23
921039452 0.62
921039512 4.87
921039572 3.90
921039632 3.83
921039692 6.45
921039752 5.57
921039812 1.47
921039872 0.65
921039932 4.32
921039992 0.55
921040052 1.68
921040112 0.60
921040172 0.57
921040232 1.10
921040292 1.08
921040352 0.53
921040412 0.85
921040472 1.83
921040532 0.42
921040592 1.87
921040652 0.97
921040712 1.07
921040772 0.50
921040832 0.52
921040892 1.38
921040952 0.43
921041012 1.40
921041072 0.97
921041132 1.02
921041192 1.28
921041252 1.87
921041312 1.02
921041372 0.33
921041432 0.47
921041492 2.47
921041552 1.47
921041612 0.42
921041672 0.52
921041732 0.38
921041792 0.43
921041852 1.02
921041912 0.53
921041972 0.67
921042032 1.67
921042092 0.50
921042152 0.47
921042212 6.78
921042272 7.25
921042332 0.35
921042392 1.87
921042452 4.28
921042512 0.62
921042572 1.00
921042632 0.67
921042692 12.57
921042752 13.58
921042812 0.48
921042872 5.63
921042932 8.35
921042992 5.03
921043052 11.03
921043112 1.33
921043172 1.22
921043232 14.50
921043292 7.05
921043352 8.40
921043412 3.25
921043472 6.10
921043532 0.78
921043592 5.28
921043652 1.75
921043712 10.85
921043772 3.12
921043832 8.33
921043892 4.98
921043952 0.43
921044012 7.82
921044072 2.03
921044132 11.97
921044192 4.15
921044252 7.70
921044312 9.88
921044372 4.25
921044432 4.27
921044492 0.48
921044552 10.13
921044612 4.05
921044672 4.77
921044732 5.72
921044792 5.12
921044852 5.23
921044912 12.62
921044972 5.82
921045032 0.47
921045092 2.08
921045152 10.32
921045212 4.67
921045272 4.20
921045332 7.75
921045392 5.47
921045452 3.12
921045512 7.93
921045572 4.78
921045632 6.05
921045692 7.03
921045752 5.42
921045812 4.42
921045872 3.62
921045932 8.73
921045992 6.13
921046052 0.42
921046112 0.47
921046172 0.42
921046232 9.12
921046292 8.80
921046352 0.78
921046412 7.47
921046472 0.55
921046532 0.45
921046592 0.45
921046652 0.42
921046712 0.50
921046772 0.48
921046832 0.43
921046892 6.20
921046952 2.38
921047012 0.33
921047072 1.70
921047132 9.22
921047192 1.92
921047252 0.38
921047312 1.70
921047372 8.12
921047432 1.23
921047492 0.87
921047552 1.02
921047612 3.37
921047672 3.15
921047732 3.80
921047792 1.53
921047852 0.42
921047912 0.68
921047972 5.32
921048032 0.43
921048092 0.62
921048152 0.37
921048212 4.03
921048272 3.03
921048332 0.60
921048392 0.45
921048452 6.65
921048512 7.90
921048572 0.68
921048632 2.65
921048692 2.17
921048752 0.45
921048812 4.23
921048872 0.50
921048932 0.38
921048992 5.92
921049052 0.83
921049112 4.35
921049172 0.58
921049232 0.47
921049292 0.50
921049352 2.58
921049412 13.42
921049472 0.62
921049532 14.90
921049592 12.53
921049652 0.38
921049712 0.52
921049772 8.05
921049832 0.43
921049892 9.20
921049952 0.43
921050012 0.38
921050072 0.57
921050132 0.48
921050192 0.48
921050252 0.38
921050312 0.43
921050372 0.38
921050432 0.50
921050492 1.97
921050552 0.55
921050612 0.40
921050672 0.50
921050732 0.42
921050792 0.47
921050852 0.37
921050912 0.52
921050972 0.45
921051032 0.47
921051092 0.47
921051152 0.47
921051212 0.42
921051272 0.55
921051332 0.38
921051392 1.85
921051452 0.38
921051512 0.48
921051572 0.58
921051632 0.47
921051692 0.45
921051752 0.45
921051812 0.45
921051872 0.53
921051932 0.35
921051992 0.42
921052052 0.37
921052112 1.05
921052172 0.42
921052232 0.47
921052292 2.47
921052352 0.47
921052412 0.40
921052472 0.53
921052532 0.43
921052592 0.52
921052652 0.38
921052712 0.50
921052772 0.55
921052832 0.52
921052892 0.47
921052952 0.40
921053012 0.22
921070833 3.95
921070893 5.60
921070953 11.40
921071013 5.97
921071073 26.13
921071133 6.27
921071193 35.45
921071253 2.43
921071313 36.15
921071373 11.55
921071433 6.95
921071493 12.83
921071553 1.63
921071613 21.77
921071673 9.58
921071733 7.22
921071793 22.27
921071853 25.50
921071913 4.27
921071973 0.97
921072033 6.45
921072093 3.92
921072153 8.00
921072213 6.02
921072273 10.00
921072333 14.45
921072393 9.88
921072453 3.68
921072513 6.62
921072573 5.90
921072633 2.00
921072693 23.50
921072753 46.50
921072813 23.13
921072873 17.05
921072933 3.37
921072993 7.23
921073053 9.12
921073113 21.00
921073173 26.18
921073233 31.42
921073293 25.85
921073353 17.23
921073413 16.02
921073473 5.98
921073533 7.65
921073593 17.77
921073653 9.18
921073713 15.15
921073773 28.10
921073833 15.48
921073893 5.18
921073953 13.20
921074013 10.30
921074073 20.37
921074133 34.20
921074193 20.50
921074253 32.38
921074313 11.55
921074373 13.85
921074433 19.48
921074493 26.93
921074553 24.45
921074613 61.90
921074673 32.67
921074733 10.77
921074793 20.90
921074853 28.38
921074913 10.08
921074973 84.73
921075033 42.28
921075093 29.65
921075153 32.38
921075213 42.87
921075273 28.25
921075333 51.05
921075393 42.12
921075453 54.55
921075513 29.83
921075573 49.33
921075633 44.67
921075693 24.93
921075753 28.65
921075813 34.23
921075873 51.55
921075933 49.12
921075993 21.03
921076053 32.02
921076113 45.95
921076173 16.10
921076233 25.62
921076293 40.87
921076353 20.65
921076413 65.60
921076473 19.45
921076533 33.07
921076593 23.60
921076653 26.95
921076713 26.93
921076773 39.70
921076833 23.37
921076893 17.80
921076953 39.95
921077013 24.12
921077073 24.72
921077133 21.25
921077193 40.65
921077253 31.77
921077313 33.43
921077373 27.83
921077433 35.10
921077493 12.07
921077553 23.52
921077613 10.07
921077673 5.45
921077733 51.35
921077793 32.22
921077853 30.48
921077913 27.40
921077973 37.78
921078033 19.67
921078093 52.48
921078153 52.97
921078213 26.13
921078273 22.53
921078333 26.25
921078393 38.10
921078453 12.90
921078513 23.30
921078573 43.02
921078633 29.35
921078693 41.08
921078753 68.77
921078813 36.55
921078873 23.45
921078933 16.63
921078993 47.83
921079053 43.58
921079113 36.77
921079173 37.03
921079233 30.52
921079293 26.42
921079353 46.68
921079413 40.32
921079473 24.05
921079533 49.12
921079593 27.72
921079653 22.62
921079713 36.88
921079773 11.83
921079833 21.87
921079893 17.37
921079953 16.53
921080013 36.02
921080073 30.32
921080133 17.38
921080193 33.88
921080253 46.93
921080313 40.40
921080373 33.87
921080433 17.97
921080493 27.35
921080553 31.02
921080613 28.65
921080673 15.57
921080733 13.92
921080793 27.50
921080853 29.40
921080913 14.87
921080973 25.45
921081033 19.43
921081093 27.78
921081153 18.88
921081213 26.58
921081273 12.13
921081333 46.28
921081393 18.00
921081453 26.10
921081513 26.45
921081573 26.45
921081633 19.03
921081693 34.87
921081753 13.60
921081813 22.35
921081873 22.87
921081933 11.47
921081993 12.87
921082053 12.07
921082113 20.17
921082173 12.63
921082233 4.13
921082293 11.58
921082353 28.25
921082413 63.78
921082473 42.23
921082533 28.12
921082593 18.77
921082653 33.88
921082713 16.90
921082773 29.02
921082833 38.70
921082893 37.13
921082953 43.32
921083013 57.47
921083073 45.15
921083133 41.38
921083193 44.78
921083253 26.33
921083313 31.85
921083373 16.87
921083433 22.07
921083493 34.92
921083553 29.37
921083613 17.77
921083673 36.82
921083733 25.05
921083793 25.33
921083853 35.08
921083913 57.33
921083973 31.28
921084033 20.67
921084093 31.40
921084153 31.83
921084213 42.30
921084273 33.18
921084333 34.77
921084393 25.67
921084453 38.42
921084513 37.53
921084573 21.20
921084633 22.52
921084693 29.37
921084753 17.75
921084813 32.13
921084873 22.23
921084933 37.83
921084993 56.48
921085053 44.20
921085113 35.22
921085173 14.42
921085233 16.57
921085293 20.00
921085353 402.73
921085413 43.70
921085473 48.75
921085533 34.42
921085593 17.78
921085653 26.05
921085713 26.25
921085773 26.55
921085833 28.47
921085893 16.88
921085953 44.52
921086013 37.70
921086073 28.80
921086133 24.18
921086193 28.03
921086253 22.92
921086313 21.22
921086373 27.58
921086433 18.22
921086493 20.25
921086553 28.60
921086613 24.22
921086673 55.72
921086733 21.30
921086793 16.08
921086853 23.07
921086913 46.62
921086973 25.40
921087033 23.18
921087093 26.12
921087153 28.47
921087213 24.92
921087273 32.73
921087333 23.05
921087393 18.63
921087453 17.20
921087513 13.23
921087573 31.38
921087633 31.32
921087693 13.12
921087753 32.83
921087813 44.67
921087873 19.75
921087933 45.92
921087993 26.87
921088053 25.37
921088113 31.37
921088173 34.78
921088233 16.70
921088293 28.78
921088353 20.07
921088413 17.12
921088473 9.37
921088533 12.12
921088593 8.63
921088653 9.20
921088713 6.63
921088773 16.08
921088833 17.73
921088893 17.43
921088953 13.82
921089013 13.87
921089073 15.85
921089133 23.32
921089193 19.07
921089253 33.70
921089313 16.33
921089373 19.60
921089433 18.57
921089493 20.38
921089553 16.70
921089613 15.03
921089673 18.82
921089733 25.90
921089793 30.23
921089853 18.58
921089913 21.52
921089973 30.52
921090033 21.00
921090093 22.73
921090153 27.85
921090213 17.30
921090273 21.87
921090333 21.30
921090393 40.68
921090453 50.93
921090513 12.42
921090573 17.77
921090633 23.47
921090693 12.92
921090753 24.17
921090813 20.13
921090873 14.95
921090933 16.38
921090993 20.97
921091053 44.83
921091113 33.62
921091173 34.48
921091233 55.85
921091293 31.80
921091353 23.27
921091413 11.75
921091473 67.35
921091533 69.95
921091593 64.38
921091653 71.28
921091713 79.22
921091773 65.95
921091833 62.02
921091893 66.48
921091953 67.07
921092013 86.25
921092073 22.02
921092133 36.87
921092193 17.03
921092253 39.22
921092313 22.88
921092373 25.08
921092433 16.97
921092493 50.18
921092553 16.23
921092613 23.35
921092673 15.17
921092733 20.95
921092793 45.10
921092853 36.57
921092913 41.45
921092973 17.38
921093033 29.18
921093093 11.93
921093153 30.10
921093213 31.58
921093273 37.77
921093333 24.58
921093393 28.03
921093453 25.42
921093513 23.05
921093573 40.58
921093633 17.23
921093693 33.62
921093753 48.02
921093813 77.32
921093873 61.72
921093933 23.48
921093993 23.27
921094053 25.83
921094113 39.62
921094173 21.03
921094233 26.33
921094293 32.08
921094353 40.15
921094413 49.55
921094473 27.22
921094533 19.83
921094593 12.98
921094653 32.85
921094713 15.73
921094773 46.28
921094833 13.00
921094893 5.80
921094953 10.58
921095013 10.45
921095073 3.88
921095133 11.17
921095193 15.55
921095253 21.98
921095313 27.27
921095373 35.68
921095433 27.13
921095493 26.92
921095553 18.33
921095613 27.48
921095673 24.42
921095733 11.22
921095793 16.73
921095853 12.83
921095913 17.80
921095973 10.47
921096033 13.87
921096093 10.50
921096153 20.22
921096213 8.22
921096273 23.62
921096333 22.82
921096393 29.55
921096453 29.15
921096513 41.27
921096573 33.40
921096633 32.23
921096693 41.63
921096753 44.27
921096813 31.22
921096873 33.30
921096933 18.60
921096993 26.35
921097053 17.45
921097113 31.62
921097173 29.72
921097233 20.00
921097293 44.47
921097353 25.05
921097413 12.65
921097473 16.45
921097533 29.88
921097593 17.57
921097653 35.08
921097713 28.50
921097773 27.30
921097833 20.33
921097893 31.30
921097953 18.53
921098013 32.55
921098073 26.52
921098133 17.23
921098193 11.75
921098253 21.00
921098313 12.92
921098373 10.50
921098433 15.22
921098493 9.70
921098553 13.90
921098613 46.93
921098673 27.65
921098733 20.08
921098793 26.38
921098853 31.92
921098913 28.87
921098973 44.25
921099033 38.10
921099093 42.97
921099153 19.18
921099213 24.57
921099273 49.20
921099333 36.82
921099393 25.20
921099453 32.82
921099513 35.23
921099573 33.75
921099633 30.13
921099693 15.93
921099753 28.17
921099813 22.25
921099873 31.03
921099933 11.28
921099993 22.87
921100053 34.15
921100113 38.87
921100173 39.27
921100233 24.22
921100293 17.62
921100353 26.47
921100413 24.70
921100473 38.07
921100533 28.77
921100593 13.00
921100653 31.88
921100713 20.83
921100773 21.62
921100833 19.60
921100893 33.75
921100953 14.63
921101013 15.02
921101073 22.07
921101133 17.68
921101193 10.17
921101253 9.27
921101313 14.45
921101373 19.60
921101433 24.63
921101493 18.52
921101553 18.48
921101613 36.78
921101673 19.50
921101733 25.92
921101793 19.57
921101853 14.82
921101913 24.10
921101973 21.62
921102033 26.13
921102093 13.80
921102153 33.12
921102213 27.55
921102273 17.08
921102333 18.48
921102393 17.50
921102453 25.48
921102513 17.60
921102573 22.07
921102633 31.42
921102693 12.73
921102753 18.38
921102813 11.73
921102873 23.42
921102933 17.43
921102993 17.77
921103053 15.72
921103113 9.67
921103173 9.88
921103233 22.18
921103293 13.20
921103353 11.43
921103413 19.73
921103473 11.77
921103533 12.03
921103593 20.77
921103653 17.45
921103713 33.00
921103773 21.52
921103833 27.35
921103893 23.30
921103953 21.33
921104013 48.42
921104073 28.60
921104133 23.63
921104193 16.58
921104253 19.93
921104313 12.28
921104373 23.27
921104433 15.62
921104493 8.05
921104553 6.12
921104613 2.98
921104673 9.48
921104733 7.98
921104793 20.50
921104853 8.65
921104913 10.40
921104973 23.80
921105033 5.88
921105093 11.90
921105153 18.05
921105213 18.82
921105273 9.98
921105333 13.02
921105393 14.05
921105453 3.90
921105513 8.58
921105573 14.43
921105633 16.32
921105693 15.30
921105753 19.08
921105813 9.92
921105873 5.80
921105933 21.83
921105993 20.75
921106053 17.08
921106113 29.00
921106173 19.42
921106233 13.93
921106293 15.67
921106353 11.13
921106413 11.43
921106473 13.68
921106533 24.13
921106593 22.07
921106653 7.13
921106713 50.43
921106773 29.75
921106833 14.98
921106893 2.30
921106953 20.52
921107013 1.87
921107073 10.37
921107133 7.38
921107193 7.22
921107253 18.83
921107313 13.58
921107373 11.42
921107433 18.57
921107493 2.70
921107553 2.53
921107613 17.55
921107673 6.47
921107733 4.77
921107793 1.37
921107853 2.88
921107913 12.07
921107973 3.85
921108033 9.57
921108093 17.30
921108153 17.77
921108213 21.42
921108273 5.98
921108333 15.60
921108393 3.40
921108453 3.32
921108513 2.00
921108573 3.77
921108633 1.10
921108693 0.53
921108753 0.45
921108813 4.10
921108873 3.40
921108933 1.53
921108993 3.18
921109053 10.13
921109113 11.42
921109173 4.48
921109233 1.13
921109293 3.20
921109353 11.48
921109413 6.38
921109473 10.55
921109533 0.50
921109593 0.52
921109653 4.15
921109713 6.98
921109773 7.55
921109833 1.13
921109893 15.15
921109953 1.35
921110013 0.50
921110073 0.43
921110133 0.48
921110193 3.17
921110253 1.52
921110313 3.70
921110373 1.20
921110433 3.08
921110493 0.55
921110553 6.67
921110613 1.97
921110673 3.43
921110733 0.43
921110793 0.85
921110853 3.05
921110913 0.57
921110973 0.72
921111033 7.23
921111093 3.88
921111153 4.42
921111213 6.25
921111273 5.63
921111333 0.60
921111393 3.77
921111453 4.03
921111513 4.33
921111573 11.65
921111633 0.52
921111693 2.17
921111753 3.67
921111813 0.57
921111873 4.15
921111933 4.88
921111993 3.83
921112053 0.63
921112113 1.43
921112173 0.88
921112233 0.45
921112293 0.57
921112353 0.43
921112413 0.72
921112473 1.62
921112533 0.57
921112593 1.95
921112653 7.57
921112713 0.43
921112773 5.48
921112833 5.08
921112893 5.50
921112953 0.57
921113013 0.48
921113073 0.52
921113133 0.57
921113193 3.53
921113253 0.68
921113313 2.82
921113373 8.00
921113433 0.85
921113493 1.17
921113553 1.17
921113613 0.60
921113673 0.50
921113733 4.23
921113793 3.73
921113853 3.62
921113913 1.52
921113973 4.15
921114033 4.08
921114093 5.03
921114153 1.70
921114213 1.45
921114273 0.45
921114333 2.30
921114393 3.62
921114453 0.48
921114513 0.38
921114573 4.17
921114633 4.03
921114693 0.47
921114753 0.55
921114813 0.45
921114873 4.28
921114933 2.17
921114993 4.25
921115053 1.62
921115113 1.57
921115173 1.70
921115233 1.40
921115293 1.78
921115353 1.48
921115413 1.60
921115473 2.27
921115533 2.93
921115593 2.18
921115653 2.20
921115713 2.67
921115773 1.72
921115833 0.75
921115893 3.40
921115953 3.20
921116013 0.67
921116073 1.08
921116133 0.53
921116193 1.90
921116253 0.43
921116313 6.97
921116373 0.67
921116433 0.75
921116493 0.70
921116553 0.48
921116613 1.85
921116673 0.52
921116733 13.97
921116793 1.75
921116853 1.62
921116913 0.38
921116973 4.62
921117033 0.48
921117093 1.92
921117153 2.00
921117213 0.58
921117273 0.57
921117333 0.68
921117393 0.50
921117453 0.57
921117513 0.67
921117573 2.03
921117633 0.97
921117693 0.70
921117753 0.75
921117813 0.80
921117873 0.43
921117933 0.67
921117993 1.02
921118053 0.60
921118113 0.48
921118173 0.82
921118233 0.62
921118293 0.48
921118353 0.47
921118413 0.52
921118473 0.60
921118533 0.52
921118593 0.48
921118653 0.67
921118713 0.47
921118773 0.57
921118833 0.60
921118893 0.98
921118953 0.43
921119013 0.77
921119073 0.48
921119133 0.52
921119193 0.45
921119253 0.73
921119313 5.87
921119373 0.75
921119433 0.95
921119493 0.68
921119553 2.20
921119613 0.75
921119673 1.27
921119733 0.68
921119793 2.03
921119853 0.60
921119913 0.52
921119973 0.62
921120033 2.27
921120093 0.60
921120153 0.60
921120213 6.67
921120273 0.45
921120333 0.57
921120393 1.35
921120453 0.77
921120513 0.52
921120573 4.73
921120633 0.42
921120693 1.22
921120753 2.13
921120813 0.85
921120873 0.65
921120933 0.43
921120993 0.45
921121053 0.45
921121113 0.58
921121173 0.75
921121233 0.53
921121293 0.48
921121353 1.02
921121413 0.45
921121473 0.57
921121533 0.53
921121593 0.87
921121653 0.47
921121713 0.52
921121773 0.58
921121833 0.63
921121893 0.52
921121953 0.42
921122013 0.52
921122073 0.42
921122133 0.47
921122193 0.60
921122253 0.45
921122313 0.45
921122373 0.53
921122433 0.47
921122493 0.87
921122553 0.48
921122613 0.57
921122673 0.43
921122733 0.58
921122793 0.55
921122853 0.47
921122913 0.53
921122973 0.62
921123033 0.60
921123093 0.62
921123153 0.53
921123213 0.40
921123273 1.17
921123333 0.58
921123393 2.03
921123453 1.02
921123513 0.55
921123573 0.55
921123633 0.52
921123693 0.50
921123753 0.50
921123813 0.45
921123873 0.50
921123933 0.67
921123993 6.70
921124053 0.85
921124113 0.57
921124173 4.32
921124233 0.45
921124293 1.13
921124353 0.65
921124413 0.63
921124473 0.52
921124533 0.47
921124593 0.77
921124653 0.78
921124713 0.65
921124773 1.15
921124833 0.93
921124893 0.75
921124953 0.82
921125013 0.62
921125073 0.62
921125133 0.53
921125193 0.98
921125253 0.52
921125313 0.45
921125373 0.58
921125433 0.45
921125493 0.57
921125553 0.53
921125613 0.57
921125673 0.65
921125733 0.53
921125793 0.42
921125853 0.50
921125913 0.67
921125973 0.53
921126033 0.52
921126093 0.90
921126153 0.52
921126213 0.53
921126273 0.52
921126333 0.78
921126393 0.42
921126453 0.50
921126513 0.45
921126573 0.63
921126633 0.48
921126693 0.65
921126753 0.43
921126813 0.43
921126873 0.92
921126933 0.58
921126993 1.93
921127053 0.48
921127113 0.45
921127173 0.55
921127233 0.52
921127293 0.48
921127353 0.53
921127413 0.47
921127473 0.55
921127533 0.55
921127593 0.50
921127653 0.48
921127713 0.68
921127773 4.43
921127833 0.48
921127893 1.28
921127953 0.53
921128013 0.47
921128073 0.52
921128133 0.63
921128193 0.48
921128253 0.58
921128313 0.60
921128373 0.58
921128433 1.47
921128493 0.57
921128553 0.48
921128613 0.57
921128673 0.42
921128733 0.48
921128793 0.85
921128853 25.37
921128913 0.48
921128973 0.70
921129033 0.60
921129093 0.58
921129153 0.45
921129213 0.52
921129273 0.42
921129333 0.63
921129393 0.47
921129453 0.55
921129513 0.38
921129573 0.52
921129633 0.50
921129693 3.73
921129753 0.42
921129813 0.57
921129873 0.43
921129933 0.52
921129993 0.45
921130053 0.50
921130113 0.52
921130173 0.70
921130233 0.57
921130293 0.50
921130353 0.50
921130413 0.53
921130473 1.47
921130533 0.83
921130593 2.18
921130653 0.52
921130713 0.57
921130773 0.67
921130833 0.48
921130893 0.57
921130953 0.43
921131013 0.40
921131073 0.48
921131133 0.47
921131193 0.65
921131253 0.93
921131313 0.53
921131373 4.30
921131433 4.43
921131493 4.75
921131553 0.48
921131613 0.53
921131673 0.58
921131733 0.43
921131793 1.55
921131853 0.40
921131913 0.52
921131973 0.70
921132033 0.67
921132093 0.58
921132153 0.43
921132213 0.50
921132273 0.45
921132333 0.63
921132393 0.87
921132453 1.15
921132513 0.45
921132573 0.48
921132633 0.45
921132693 0.47
921132753 0.53
921132813 0.48
921132873 0.42
921132933 0.50
921132993 0.47
921133053 0.60
921133113 0.52
921133173 0.57
921133233 0.38
921133293 0.80
921133353 0.42
921133413 0.50
921133473 0.60
921133533 0.53
921133593 0.35
921133653 0.57
921133713 0.42
921133773 0.53
921133833 0.62
921133893 0.48
921133953 0.43
921134013 0.45
921134073 3.75
921134133 0.50
921134193 1.93
921134253 0.45
921134313 0.48
921134373 8.13
921134433 3.23
921134493 0.57
921134553 3.82
921134613 5.88
921134673 3.52
921134733 4.10
921134793 0.55
921134853 0.48
921134913 0.45
921134973 4.43
921135033 0.38
921135093 1.20
921135153 0.38
921135213 0.53
921135273 0.47
921135333 0.60
921135393 0.38
921135453 0.48
921135513 0.35
921135573 0.60
921135633 1.68
921135693 5.27
921135753 0.50
921135813 0.45
921135873 0.35
921135933 0.57
921135993 0.90
921136053 0.55
921136113 0.48
921136173 0.53
921136233 0.35
921136293 0.50
921136353 0.45
921136413 0.58
921136473 0.40
921136533 0.47
921136593 0.45
921136653 0.55
921136713 0.55
921136773 0.63
921136833 0.38
921136893 0.97
921136953 0.40
921137013 0.57
921137073 0.45
921137133 0.55
921137193 0.45
921137253 0.48
921137313 0.45
921137373 0.57
921137433 0.42
921137493 0.63
921137553 0.47
921137613 0.47
921137673 0.92
921137733 0.48
921137793 1.80
921137853 0.78
921137913 0.52
921137973 0.52
921138033 0.53
921138093 0.47
921138153 0.47
921138213 0.47
921138273 0.48
921138333 0.57
921138393 0.43
921138453 0.52
921138513 0.48
921138573 4.23
921138633 0.52
921138693 1.20
921138753 0.37
921138813 0.57
921138873 0.43
921138933 0.43
921138993 0.55
921139053 0.50
921139113 0.48
921139173 0.63
921139233 0.45
921139293 0.55
921139353 0.43
921139413 0.50
921139473 0.42
921139533 0.52
921139593 0.88
921139653 0.50
921139713 0.52
921139773 0.48
921139833 0.45
921139893 0.57
921139953 0.43
921140013 0.55
921140073 0.45
921140133 0.50
921140193 0.47
921140253 0.52
921140313 0.57
921140373 0.43
921140433 0.52
921140493 0.80
921140553 0.48
921140613 0.53
921140673 0.40
921140733 0.53
921140793 0.42
921140853 0.57
921140913 0.48
921140973 0.60
921141033 0.48
921141093 0.50
921141153 0.43
921141213 0.53
921141273 0.97
921141333 0.57
921141393 2.07
921141453 0.52
921141513 0.45
921141573 0.45
921141633 0.45
921141693 0.48
921141753 0.52
921141813 0.53
921141873 0.45
921141933 0.53
921141993 0.45
921142053 0.57
921142113 0.55
921142173 4.27
921142233 0.43
921142293 1.13
921142353 0.47
921142413 0.47
921142473 0.53
921142533 0.47
921142593 0.40
921142653 0.43
921142713 0.52
921142773 0.58
921142833 0.55
921142893 0.55
921142953 0.40
921143013 0.47
921143073 0.42
921143133 0.50
921143193 0.95
921143253 0.45
921143313 0.53
921143373 0.55
921143433 0.38
921143493 0.57
921143553 0.62
921143613 0.52
921143673 0.55
921143733 0.47
921143793 0.43
921143853 0.62
921143913 0.45
921143973 0.50
921144033 0.42
921144093 0.87
921144153 0.35
921144213 0.60
921144273 0.47
921144333 0.52
921144393 0.48
921144453 0.43
921144513 0.52
921144573 0.57
921144633 0.45
921144693 0.57
921144753 0.43
921144813 0.52
921144873 0.97
921144933 0.53
921144993 1.80
921145053 0.55
921145113 0.98
921145173 0.45
921145233 0.52
921145293 0.50
921145353 0.42
921145413 0.47
921145473 0.52
921145533 0.50
921145593 0.55
921145653 0.48
921145713 0.48
921145773 4.40
921145833 0.43
921145893 1.30
921145953 0.35
921146013 0.57
921146073 0.43
921146133 0.48
921146193 0.45
921146253 0.50
921146313 0.47
921146373 0.50
921146433 0.47
921146493 0.58
921146553 0.48
921146613 0.57
921146673 0.38
921146733 0.53
921146793 0.88
921146853 0.53
921146913 0.45
921146973 0.52
921147033 0.42
921147093 0.47
921147153 0.57
921147213 0.48
921147273 0.43
921147333 0.55
921147393 0.45
921147453 0.50
921147513 0.58
921147573 0.53
921147633 0.35
921147693 0.93
921147753 0.38
921147813 0.57
921147873 0.43
921147933 0.57
921147993 0.35
921148053 0.50
921148113 0.58
921148173 0.53
921148233 0.55
921148293 0.50
921148353 0.47
921148413 0.47
921148473 1.27
921148533 0.50
921148593 1.90
921148653 0.48
921148713 0.48
921148773 0.53
921148833 0.52
921148893 0.47
921148953 0.42
921149013 0.50
921149073 0.42
921149133 1.08
921149193 0.50
921149253 0.48
921149313 0.52
921149373 4.32
921149433 0.45
921149493 1.25
921149553 0.52
921149613 0.50
921149673 0.43
921149733 0.50
921149793 0.40
921149853 0.53
921149913 0.48
921149973 0.50
921157237 0.97
921157297 16.52
921157357 32.18
921157417 7.67
921157477 2.43
921157537 7.08
921157597 26.38
921157657 11.92
921157717 40.87
921157777 16.82
921157837 12.68
921157897 14.82
921157957 38.32
921158017 9.47
921158077 42.58
921158137 12.73
921158197 6.75
921158257 28.42
921158317 23.38
921158377 7.12
921158437 7.20
921158497 31.98
921158557 21.97
921158617 38.28
921158677 19.97
921158737 30.93
921158797 22.58
921158857 17.03
921158917 30.70
921158977 20.97
921159037 26.77
921159097 31.18
921159157 20.67
921159217 15.93
921159277 20.62
921159337 21.62
921159397 10.68
921159457 30.85
921159517 23.32
921159577 12.13
921159637 28.80
921159697 24.47
921159757 31.95
921159817 45.73
921159877 35.92
921159937 11.38
921159997 36.25
921160057 15.38
921160117 33.48
921160177 20.62
921160237 14.80
921160297 21.27
921160357 29.03
921160417 20.77
921160477 3.88
921160537 15.68
921160597 24.77
921160657 16.95
921160717 9.23
921160777 47.72
921160837 29.78
921160897 13.37
921160957 17.07
921161017 31.82
921161077 31.53
921161137 29.25
921161197 17.78
921161257 28.05
921161317 27.98
921161377 40.57
921161437 29.38
921161497 23.22
921161557 20.35
921161617 31.32
921161677 28.78
921161737 34.95
921161797 32.53
921161857 23.17
921161917 51.60
921161977 35.17
921162037 14.73
921162097 18.77
921162157 40.03
921162217 21.72
921162277 39.48
921162337 19.57
921162397 50.55
921162457 39.17
921162517 25.65
921162577 28.20
921162637 27.30
921162697 34.90
921162757 40.85
921162817 393.45
921162877 61.15
921162937 32.28
921162997 38.88
921163057 35.17
921163117 34.17
921163177 19.67
921163237 11.72
921163297 14.62
921163357 33.70
921163417 22.58
921163477 23.70
921163537 60.15
921163597 51.28
921163657 21.17
921163717 14.17
921163777 15.10
921163837 39.65
921163897 30.82
921163957 38.07
921164017 18.85
921164077 37.65
921164137 17.15
921164197 23.40
921164257 29.10
921164317 35.85
921164377 28.78
921164437 14.73
921164497 38.75
921164557 37.62
921164617 39.95
921164677 43.33
921164737 43.98
921164797 46.20
921164857 36.02
921164917 57.55
921164977 56.03
921165037 46.25
921165097 68.97
921165157 28.10
921165217 41.73
921165277 37.93
921165337 39.57
921165397 37.40
921165457 35.83
921165517 36.28
921165577 47.83
921165637 29.75
921165697 27.37
921165757 47.87
921165817 54.37
921165877 34.57
921165937 40.65
921165997 29.63
921166057 29.58
921166117 49.52
921166177 50.42
921166237 36.97
921166297 63.97
921166357 52.87
921166417 67.88
921166477 84.92
921166537 39.12
921166597 43.87
921166657 47.13
921166717 50.93
921166777 40.43
921166837 40.77
921166897 38.33
921166957 35.52
921167017 30.92
921167077 52.33
921167137 41.08
921167197 35.77
921167257 31.38
921167317 19.72
921167377 47.78
921167437 21.70
921167497 49.12
921167557 62.20
921167617 47.02
921167677 47.90
921167737 66.83
921167797 59.65
921167857 156.10
921167917 59.05
921167977 26.75
921168037 73.40
921168097 48.12
921168157 57.03
921168217 33.85
921168277 126.85
921168337 165.63
921168397 146.90
921168457 90.85
921168517 42.53
921168577 65.70
921168637 32.82
921168697 50.63
921168757 42.93
921168817 64.95
921168877 34.77
921168937 38.67
921168997 63.92
921169057 49.02
921169117 39.47
921169177 33.17
921169237 37.40
921169297 30.33
921169357 27.87
921169417 30.83
921169477 45.47
921169537 23.62
921169597 36.00
921169657 33.78
921169717 29.58
921169777 50.18
921169837 32.52
921169897 32.03
921169957 24.67
921170017 41.97
921170077 54.92
921170137 38.20
921170197 65.35
921170257 86.82
921170317 57.03
921170377 29.10
921170437 42.35
921170497 51.77
921170557 64.17
921170617 47.60
921170677 44.32
921170737 26.35
921170797 45.68
921170857 44.13
921170917 60.87
921170977 49.37
921171037 47.28
921171097 37.77
921171157 48.03
921171217 58.47
921171277 38.95
921171337 47.93
921171397 51.12
921171457 45.20
921171517 53.38
921171577 32.17
921171637 32.63
921171697 28.43
921171757 39.03
921171817 31.92
921171877 36.67
921171937 45.00
921171997 44.13
921172057 44.00
921172117 33.43
921172177 33.07
921172237 49.38
921172297 28.55
921172357 37.80
921172417 37.47
921172477 27.30
921172537 43.53
921172597 47.50
921172657 50.48
921172717 28.73
921172777 43.23
921172837 46.28
921172897 34.30
921172957 35.70
921173017 64.30
921173077 43.08
921173137 59.95
921173197 27.93
921173257 62.37
921173317 62.43
921173377 33.88
921173437 54.20
921173497 53.63
921173557 36.68
921173617 30.85
921173677 57.48
921173737 10.63
921173797 59.55
921173857 25.97
921173917 28.93
921173977 24.03
921174037 35.78
921174097 27.05
921174157 22.02
921174217 57.93
921174277 30.30
921174337 18.32
921174397 45.15
921174457 33.73
921174517 13.82
921174577 31.17
921174637 43.68
921174697 37.27
921174757 27.83
921174817 40.13
921174877 26.20
921174937 26.70
921174997 23.85
921175057 46.27
921175117 77.95
921175177 61.93
921175237 41.98
921175297 43.63
921175357 29.07
921175417 32.50
921175477 76.93
921175537 51.63
921175597 56.97
921175657 43.68
921175717 30.57
921175777 60.88
921175837 40.60
921175897 32.77
921175957 58.05
921176017 38.50
921176077 47.82
921176137 33.18
921176197 24.90
921176257 19.78
921176317 40.20
921176377 39.50
921176437 41.80
921176497 49.88
921176557 38.95
921176617 30.68
921176677 58.07
921176737 57.37
921176797 22.65
921176857 22.97
921176917 33.67
921176977 42.77
921177037 35.97
921177097 33.98
921177157 48.55
921177217 54.47
921177277 66.52
921177337 77.45
921177397 68.70
921177457 42.02
921177517 50.55
921177577 63.48
921177637 23.65
921177697 36.30
921177757 47.90
921177817 39.90
921177877 35.25
921177937 33.40
921177997 58.58
921178057 50.07
921178117 41.98
921178177 38.33
921178237 28.27
921178297 38.03
921178357 46.68
921178417 31.17
921178477 39.20
921178537 33.18
921178597 50.02
921178657 34.68
921178717 41.53
921178777 77.13
921178837 62.17
921178897 61.45
921178957 65.53
921179017 44.37
921179077 51.93
921179137 49.12
921179197 75.67
921179257 62.78
921179317 40.43
921179377 45.75
921179437 41.18
921179497 43.12
921179557 73.10
921179617 70.65
921179677 32.98
921179737 44.53
921179797 76.10
921179857 59.38
921179917 57.82
921179977 54.17
921180037 34.03
921180097 70.18
921180157 28.22
921180217 47.17
921180277 45.33
921180337 60.20
921180397 27.88
921180457 56.07
921180517 53.38
921180577 46.58
921180637 40.50
921180697 36.73
921180757 38.63
921180817 22.92
921180877 32.83
921180937 41.95
921180997 47.82
921181057 37.22
921181117 32.35
921181177 20.82
921181237 40.20
921181297 49.75
921181357 61.40
921181417 30.83
921181477 27.00
921181537 64.35
921181597 45.82
921181657 34.72
921181717 15.88
921181777 52.28
921181837 35.08
921181897 37.67
921181957 19.52
921182017 30.88
921182077 27.92
921182137 22.58
921182197 43.93
921182257 46.70
921182317 22.12
921182377 28.87
921182437 19.65
921182497 19.72
921182557 26.27
921182617 28.98
921182677 26.47
921182737 26.65
921182797 26.93
921182857 33.50
921182917 38.53
921182977 47.52
921183037 17.85
921183097 45.45
921183157 30.32
921183217 44.90
921183277 23.97
921183337 39.32
921183397 48.20
921183457 36.15
921183517 55.32
921183577 44.25
921183637 55.05
921183697 43.78
921183757 36.42
921183817 59.47
921183877 25.40
921183937 28.45
921183997 35.87
921184057 38.53
921184117 60.45
921184177 33.77
921184237 49.28
921184297 47.55
921184357 44.03
921184417 42.97
921184477 58.90
921184537 42.08
921184597 54.43
921184657 46.22
921184717 31.42
921184777 40.92
921184837 80.30
921184897 33.18
921184957 48.60
921185017 68.63
921185077 45.53
921185137 44.75
921185197 59.50
921185257 67.57
921185317 23.22
921185377 33.98
921185437 66.65
921185497 37.27
921185557 26.08
921185617 26.53
921185677 32.25
921185737 51.22
921185797 50.35
921185857 43.53
921185917 31.20
921185977 49.02
921186037 49.07
921186097 55.90
921186157 49.82
921186217 49.28
921186277 28.87
921186337 29.27
921186397 20.98
921186457 31.15
921186517 24.95
921186577 44.13
921186637 26.40
921186697 24.72
921186757 31.25
921186817 32.57
921186877 21.70
921186937 23.23
921186997 25.62
921187057 34.48
921187117 39.18
921187177 25.65
921187237 24.53
921187297 26.60
921187357 36.32
921187417 32.87
921187477 29.92
921187537 26.38
921187597 33.35
921187657 24.50
921187717 22.02
921187777 30.10
921187837 22.43
921187897 60.27
921187957 25.75
921188017 33.65
921188077 39.18
921188137 18.52
921188197 24.37
921188257 54.77
921188317 53.95
921188377 34.05
921188437 21.30
921188497 24.28
921188557 30.62
921188617 27.45
921188677 31.00
921188737 33.58
921188797 50.93
921188857 36.97
921188917 48.85
921188977 56.58
921189037 28.15
921189097 26.07
921189157 28.13
921189217 23.60
921189277 23.00
921189337 23.77
921189397 42.68
921189457 37.58
921189517 29.38
921189577 23.97
921189637 17.98
921189697 27.75
921189757 59.27
921189817 61.78
921189877 28.62
921189937 35.70
921189997 29.37
921190057 38.42
921190117 18.93
921190177 29.25
921190237 17.83
921190297 42.28
921190357 45.73
921190417 39.52
921190477 25.47
921190537 18.33
921190597 34.67
921190657 22.58
921190717 50.65
921190777 36.93
921190837 37.47
921190897 29.78
921190957 43.37
921191017 40.17
921191077 24.98
921191137 31.62
921191197 41.55
921191257 34.30
921191317 28.58
921191377 38.95
921191437 26.67
921191497 21.40
921191557 27.75
921191617 19.30
921191677 27.68
921191737 52.62
921191797 42.82
921191857 50.05
921191917 48.20
921191977 33.25
921192037 24.15
921192097 13.35
921192157 21.82
921192217 23.92
921192277 23.82
921192337 19.18
921192397 29.47
921192457 15.82
921192517 21.80
921192577 17.63
921192637 38.40
921192697 32.07
921192757 11.85
921192817 86.10
921192877 26.03
921192937 21.77
921192997 5.73
921193057 25.07
921193117 12.10
921193177 7.23
921193237 5.68
921193297 14.02
921193357 8.18
921193417 18.55
921193477 3.85
921193537 15.93
921193597 54.22
921193657 38.23
921193717 16.88
921193777 29.47
921193837 36.52
921193897 16.65
921193957 13.45
921194017 10.58
921194077 13.75
921194137 22.98
921194197 11.85
921194257 23.90
921194317 26.22
921194377 13.03
921194437 8.43
921194497 12.70
921194557 9.37
921194617 11.00
921194677 19.42
921194737 14.48
921194797 13.17
921194857 5.77
921194917 8.42
921194977 3.70
921195037 8.43
921195097 11.70
921195157 21.10
921195217 17.22
921195277 12.38
921195337 9.85
921195397 10.62
921195457 11.17
921195517 9.17
921195577 5.28
921195637 5.50
921195697 12.63
921195757 6.53
921195817 11.67
921195877 14.25
921195937 3.42
921195997 7.83
921196057 4.00
921196117 7.97
921196177 4.48
921196237 17.38
921196297 17.38
921196357 9.53
921196417 8.72
921196477 10.47
921196537 7.12
921196597 6.95
921196657 3.72
921196717 12.47
921196777 9.72
921196837 6.37
921196897 5.65
921196957 16.48
921197017 4.92
921197077 10.43
921197137 5.68
921197197 17.97
921197257 14.02
921197317 1.73
921197377 5.90
921197437 10.10
921197497 7.52
921197557 4.00
921197617 3.25
921197677 6.10
921197737 7.65
921197797 10.83
921197857 11.63
921197917 1.93
921197977 28.23
921198037 11.08
921198097 8.82
921198157 10.33
921198217 11.13
921198277 21.33
921198337 12.97
921198397 6.28
921198457 9.47
921198517 12.93
921198577 8.57
921198637 8.75
921198697 13.62
921198757 19.48
921198817 5.22
921198877 5.63
921198937 7.82
921198997 12.85
921199057 5.28
921199117 1.67
921199177 8.87
921199237 6.05
921199297 11.32
921199357 17.40
921199417 4.65
921199477 10.25
921199537 7.42
921199597 4.73
921199657 14.57
921199717 10.65
921199777 6.93
921199837 17.42
921199897 13.53
921199957 17.17
921200017 5.92
921200077 2.28
921200137 4.25
921200197 6.55
921200257 5.98
921200317 3.02
921200377 11.03
921200437 7.72
921200497 10.32
921200557 15.93
921200617 4.92
921200677 3.30
921200737 7.42
921200797 13.62
921200857 17.77
921200917 3.80
921200977 6.57
921201037 10.53
921201097 4.70
921201157 9.40
921201217 4.48
921201277 9.13
921201337 9.77
921201397 5.65
921201457 3.65
921201517 8.82
921201577 0.60
921201637 15.23
921201697 5.03
921201757 12.23
921201817 7.83
921201877 6.53
921201937 7.58
921201997 4.32
921202057 1.28
921202117 1.15
921202177 11.35
921202237 1.55
921202297 12.50
921202357 0.47
921202417 8.55
921202477 3.82
921202537 7.77
921202597 6.97
921202657 2.13
921202717 1.33
921202777 0.85
921202837 3.55
921202897 1.15
921202957 3.60
921203017 9.43
921203077 5.15
921203137 0.62
921203197 0.85
921203257 0.43
921203317 0.47
921203377 0.82
921203437 6.52
921203497 3.82
921203557 5.68
921203617 1.52
921203677 1.52
921203737 4.78
921203797 2.62
921203857 2.77
921203917 3.72
921203977 0.52
921204037 0.57
921204097 5.00
921204157 4.20
921204217 0.90
921204277 3.77
921204337 1.40
921204397 1.92
921204457 6.40
921204517 0.92
921204577 0.80
921204637 1.15
921204697 1.20
921204757 3.62
921204817 0.70
921204877 6.25
921204937 0.55
921204997 0.70
921205057 2.65
921205117 2.13
921205177 0.73
921205237 0.88
921205297 1.55
921205357 4.47
921205417 3.38
921205477 0.77
921205537 0.45
921205597 3.13
921205657 2.37
921205717 3.97
921205777 0.38
921205837 0.65
921205897 4.07
921205957 7.92
921206017 4.07
921206077 4.07
921206137 5.05
921206197 3.52
921206257 1.80
921206317 2.57
921206377 0.60
921206437 0.47
921206497 0.63
921206557 4.13
921206617 1.32
921206677 0.47
921206737 1.52
921206797 9.17
921206857 5.37
921206917 2.68
921206977 0.70
921207037 6.75
921207097 2.05
921207157 4.70
921207217 9.68
921207277 3.92
921207337 0.85
921207397 4.08
921207457 4.07
921207517 0.47
921207577 1.30
921207637 4.25
921207697 0.37
921207757 7.15
921207817 1.00
921207877 0.52
921207937 0.42
921207997 1.95
921208057 1.05
921208117 2.67
921208177 1.87
921208237 0.47
921208297 7.43
921208357 3.83
921208417 0.43
921208477 4.08
921208537 4.12
921208597 4.00
921208657 3.83
921208717 0.50
921208777 4.58
921208837 0.58
921208897 1.87
921208957 4.17
921209017 3.23
921209077 1.97
921209137 1.80
921209197 0.60
921209257 1.93
921209317 0.40
921209377 0.62
921209437 0.55
921209497 0.38
921209557 0.63
921209617 0.40
921209677 3.90
921209737 4.68
921209797 2.63
921209857 4.57
921209917 3.95
921209977 4.05
921210037 0.50
921210097 3.83
921210157 0.45
921210217 0.43
921210277 4.05
921210337 4.73
921210397 3.22
921210457 0.45
921210517 0.47
921210577 0.58
921210637 14.48
921210697 2.40
921210757 3.82
921210817 6.57
921210877 0.48
921210937 0.50
921210997 0.48
921211057 0.72
921211117 4.07
921211177 0.77
921211237 4.12
921211297 0.45
921211357 0.47
921211417 3.85
921211477 4.03
921211537 0.40
921211597 5.60
921211657 1.02
921211717 0.47
921211777 1.50
921211837 3.03
921211897 1.38
921211957 0.53
921212017 0.60
921212077 0.93
921212137 0.78
921212197 1.77
921212257 0.70
921212317 0.63
921212377 0.60
921212437 1.40
921212497 1.88
921212557 1.35
921212617 1.55
921212677 1.17
921212737 0.45
921212797 0.73
921212857 0.38
921212917 1.87
921212977 0.47
921213037 0.62
921213097 16.13
921213157 3.98
921213217 1.57
921213277 4.52
921213337 2.97
921213397 8.82
921213457 3.02
921213517 6.28
921213577 6.22
921213637 0.47
921213697 2.05
921213757 1.45
921213817 9.08
921213877 1.03
921213937 1.70
921213997 13.58
921214057 3.95
921214117 7.90
921214177 8.30
921214237 9.83
921214297 4.40
921214357 11.07
921214417 10.97
921214477 8.27
921214537 17.37
921214597 10.52
921214657 6.30
921214717 1.23
921214777 12.70
921214837 2.70
921214897 0.38
921214957 7.25
921215017 2.25
921215077 15.78
921215137 10.17
921215197 9.48
921215257 7.25
921215317 15.62
921215377 5.95
921215437 12.52
921215497 2.18
921215557 18.48
921215617 8.12
921215677 9.33
921215737 7.57
921215797 5.02
921215857 3.20
921215917 21.45
921215977 11.32
921216037 2.03
921216097 8.27
921216157 12.37
921216217 0.45
921216277 6.42
921216337 2.40
921216397 1.87
921216457 21.35
921216517 9.48
921216577 8.08
921216637 0.72
921216697 3.37
921216757 9.45
921216817 1.18
921216877 6.98
921216937 4.05
921216997 14.13
921217057 3.33
921217117 9.37
921217177 8.18
921217237 9.48
921217297 5.85
921217357 4.03
921217417 1.87
921217477 7.95
921217537 3.23
921217597 6.05
921217657 8.12
921217717 1.25
921217777 0.60
921217837 7.10
921217897 1.97
921217957 1.30
921218017 0.42
921218077 2.75
921218137 0.45
921218197 0.95
921218257 2.07
921218317 2.05
921218377 0.55
921218437 0.55
921218497 0.80
921218557 0.47
921218617 0.42
921218677 0.95
921218737 2.42
921218797 1.97
921218857 0.75
921218917 2.72
921218977 1.72
921219037 0.43
921219097 0.60
921219157 0.47
921219217 0.90
921219277 0.90
921219337 0.57
921219397 1.57
921219457 1.32
921219517 0.45
921219577 0.53
921219637 1.68
921219697 3.38
921219757 1.80
921219817 2.63
921219877 0.53
921219937 2.65
921219997 0.52
921220057 0.88
921220117 0.55
921220177 0.55
921220237 3.52
921220297 2.77
921220357 0.47
921220417 0.95
921220477 0.63
921220537 0.90
921220597 2.97
921220657 1.50
921220717 0.50
921220777 1.58
921220837 0.77
921220897 0.50
921220957 1.30
921221017 0.82
921221077 1.60
921221137 0.52
921221197 0.47
921221257 0.78
921221317 0.52
921221377 0.57
921221437 6.58
921221497 1.93
921221557 1.15
921221617 0.45
921221677 0.60
921221737 0.37
921221797 0.58
921221857 0.42
921221917 0.50
921221977 0.52
921222037 0.57
921222097 0.43
921222157 4.37
921222217 0.45
921222277 0.55
921222337 0.38
921222397 2.33
921222457 1.15
921222517 0.55
921222577 0.62
921222637 0.50
921222697 0.40
921222757 0.47
921222817 0.40
921222877 0.63
921222937 0.52
921222997 0.50
921223057 0.45
921223117 0.48
921223177 0.57
921223237 0.67
921223297 2.25
921223357 1.13
921223417 0.35
921223477 0.57
921223537 0.40
921223597 0.62
921223657 0.38
921223717 0.48
921223777 0.60
921223837 0.50
921223897 0.40
921223957 0.52
921224017 0.50
921224077 0.55
921224137 0.98
921224197 3.02
921224257 1.08
921224317 0.55
921224377 0.58
921224437 0.52
921224497 0.48
921224557 0.48
921224617 0.37
921224677 0.55
921224737 0.55
921224797 0.58
921224857 0.40
921224917 0.55
921224977 0.55
921225037 6.53
921225097 1.98
921225157 1.08
921225217 0.43
921225277 0.50
921225337 0.43
921225397 0.57
921225457 0.77
921225517 0.53
921225577 0.55
921225637 0.52
921225697 0.40
921225757 0.55
921225817 0.50
921225877 0.60
921225937 0.40
921225997 2.25
921226057 1.17
921226117 0.38
921226177 0.70
921226237 0.45
921226297 0.52
921226357 0.43
921226417 0.43
921226477 0.48
921226537 0.60
921226597 0.47
921226657 0.50
921226717 0.45
921226777 0.62
921226837 0.42
921226897 2.07
921226957 1.08
921227017 0.48
921227077 0.42
921227137 0.40
921227197 0.50
921227257 0.47
921227317 0.50
921227377 0.60
921227437 0.53
921227497 0.38
921227557 0.47
921227617 0.52
921227677 0.62
921227737 1.08
921227797 3.28
921227857 1.12
921227917 0.42
921227977 0.62
921228037 0.42
921228097 0.55
921228157 0.50
921228217 0.40
921228277 0.45
921228337 0.60
921228397 0.45
921228457 0.55
921228517 0.48
921228577 0.55
921228637 6.58
921228697 2.00
921228757 1.15
921228817 0.48
921228877 0.50
921228937 0.40
921228997 0.47
921229057 0.53
921229117 0.43
921229177 0.68
921229237 0.43
921229297 0.58
921229357 0.43
921229417 0.45
921229477 0.57
921229537 0.42
921229597 2.38
921229657 1.20
921229717 0.40
921229777 0.65
921229837 0.37
921229897 0.45
921229957 0.57
921230017 0.45
921230077 0.53
921230137 0.55
921230197 0.47
921230257 0.42
921230317 0.45
921230377 0.68
921230437 0.40
921230497 1.97
921230557 0.83
921230617 0.42
921230677 0.60
921230737 0.48
921230797 0.48
921230857 0.38
921230917 0.40
921230977 0.62
921231037 0.52
921231097 0.52
921231157 0.38
921231217 0.55
921231277 0.52
921231337 1.00
921231397 2.95
921231457 0.52
921231517 0.45
921231577 0.62
921231637 0.57
921231697 0.45
921231757 0.42
921231817 0.50
921231877 0.50
921231937 0.58
921231997 0.43
921232057 0.48
921232117 0.40
921232177 0.63
921232237 6.65
921232297 2.58
921232357 0.38
921232417 0.42
921232477 0.47
921232537 0.52
921232597 0.48
921232657 0.52
921232717 0.43
921232777 0.62
921232837 0.47
921232897 0.45
921232957 0.55
921233017 0.45
921233077 0.58
921233137 0.42
921233197 2.03
921233257 0.78
921233317 0.43
921233377 0.65
921233437 0.43
921233497 0.50
921233557 0.42
921233617 0.52
921233677 0.63
921233737 0.42
921233797 0.55
921233857 0.42
921233917 0.43
921233977 0.67
921234037 0.40
921234097 2.37
921234157 0.77
921234217 0.45
921234277 0.42
921234337 0.45
921234397 0.52
921234457 0.53
921234517 0.52
921234577 0.57
921234637 0.43
921234697 0.50
921234757 0.40
921234817 0.52
921234877 0.57
921234937 0.95
921234997 2.90
921235057 0.78
921235117 0.52
921235177 0.60
921235237 0.47
921235297 0.45
921235357 0.47
921235417 0.47
921235477 0.48
921235537 0.60
921235597 0.45
921235657 0.45
921235717 0.38
921235777 0.65
921235837 6.52
921235897 2.35
921235957 0.80
921236017 0.48
921236077 0.53
921236137 0.50
921236197 0.43
921236257 0.50
921236317 0.40
921236377 0.50
921243632 30.55
921243692 57.65
921243752 7.70
921243812 9.75
921243872 19.07
921243932 1.27
921243992 0.67
921244052 12.00
921244112 3.32
921244172 3.63
921244232 43.97
921244292 0.45
921244352 16.67
921244412 23.58
921244472 8.67
921244532 40.93
921244592 8.25
921244652 19.75
921244712 11.17
921244772 4.08
921244832 15.47
921244892 6.28
921244952 11.90
921245012 2.80
921245072 40.73
921245132 8.32
921245192 1.35
921245252 10.67
921245312 15.63
921245372 23.12
921245432 41.00
921245492 24.10
921245552 10.05
921245612 19.18
921245672 8.00
921245732 12.42
921245792 5.07
921245852 26.90
921245912 58.02
921245972 24.52
921246032 19.53
921246092 9.27
921246152 12.32
921246212 6.85
921246272 12.75
921246332 22.28
921246392 11.22
921246452 14.57
921246512 7.00
921246572 14.37
921246632 20.02
921246692 34.98
921246752 31.17
921246812 36.27
921246872 22.43
921246932 26.03
921246992 30.53
921247052 21.98
921247112 21.22
921247172 18.98
921247232 12.97
921247292 25.15
921247352 26.72
921247412 40.70
921247472 35.57
921247532 22.05
921247592 23.22
921247652 5.90
921247712 15.85
921247772 32.15
921247832 8.13
921247892 32.10
921247952 11.30
921248012 50.67
921248072 8.63
921248132 25.78
921248192 16.00
921248252 42.10
921248312 13.62
921248372 11.82
921248432 13.22
921248492 8.92
921248552 22.13
921248612 12.98
921248672 17.87
921248732 13.82
921248792 8.00
921248852 12.85
921248912 33.48
921248972 17.35
921249032 23.40
921249092 27.28
921249152 40.53
921249212 13.27
921249272 32.20
921249332 11.63
921249392 65.25
921249452 32.17
921249512 24.53
921249572 27.52
921249632 12.68
921249692 21.60
921249752 20.75
921249812 31.38
921249872 20.35
921249932 40.97
921249992 39.92
921250052 25.32
921250112 20.20
921250172 35.75
921250232 48.32
921250292 32.62
921250352 47.60
921250412 40.45
921250472 38.48
921250532 42.95
921250592 37.72
921250652 40.52
921250712 59.75
921250772 49.98
921250832 37.15
921250892 33.93
921250952 47.32
921251012 32.92
921251072 60.22
921251132 42.03
921251192 37.05
921251252 28.23
921251312 10.00
921251372 22.95
921251432 32.65
921251492 16.23
921251552 13.13
921251612 21.30
921251672 25.10
921251732 9.37
921251792 23.75
921251852 27.95
921251912 22.73
921251972 16.37
921252032 39.93
921252092 41.77
921252152 30.22
921252212 27.33
921252272 47.10
921252332 45.87
921252392 29.80
921252452 19.30
921252512 18.38
921252572 27.63
921252632 35.35
921252692 23.95
921252752 23.13
921252812 26.68
921252872 30.77
921252932 18.13
921252992 16.45
921253052 24.25
921253112 31.28
921253172 16.03
921253232 26.63
921253292 16.72
921253352 16.55
921253412 17.75
921253472 30.30
921253532 3.47
921253592 12.12
921253652 13.92
921253712 19.77
921253772 35.87
921253832 21.03
921253892 13.37
921253952 19.18
921254012 46.00
921254072 65.25
921254132 52.45
921254192 49.48
921254252 46.20
921254312 50.52
921254372 39.65
921254432 63.92
921254492 59.20
921254552 47.08
921254612 57.08
921254672 31.33
921254732 27.22
921254792 43.52
921254852 46.13
921254912 45.70
921254972 29.92
921255032 42.33
921255092 44.88
921255152 26.20
921255212 33.57
921255272 50.20
921255332 31.00
921255392 40.60
921255452 44.23
921255512 36.48
921255572 29.03
921255632 109.87
921255692 134.20
921255752 149.38
921255812 98.13
921255872 83.82
921255932 53.63
921255992 22.32
921256052 30.48
921256112 28.97
921256172 44.62
921256232 47.42
921256292 39.83
921256352 50.77
921256412 39.25
921256472 44.98
921256532 31.38
921256592 40.50
921256652 22.07
921256712 37.22
921256772 47.42
921256832 21.67
921256892 31.20
921256952 39.18
921257012 20.38
921257072 36.10
921257132 29.15
921257192 47.52
921257252 20.78
921257312 46.52
921257372 35.50
921257432 40.42
921257492 103.27
921257552 39.12
921257612 48.75
921257672 52.95
921257732 53.28
921257792 44.37
921257852 39.02
921257912 51.95
921257972 51.15
921258032 42.30
921258092 63.65
921258152 48.12
921258212 46.58
921258272 77.50
921258332 49.65
921258392 42.50
921258452 37.48
921258512 47.05
921258572 31.18
921258632 38.40
921258692 30.38
921258752 53.78
921258812 46.10
921258872 35.90
921258932 28.37
921258992 41.67
921259052 30.52
921259112 34.25
921259172 67.87
921259232 42.97
921259292 55.73
921259352 46.40
921259412 27.38
921259472 40.57
921259532 31.45
921259592 41.80
921259652 32.78
921259712 35.55
921259772 25.60
921259832 18.22
921259892 22.65
921259952 36.68
921260012 49.07
921260072 49.75
921260132 70.38
921260192 45.70
921260252 70.87
921260312 47.68
921260372 44.48
921260432 36.45
921260492 46.35
921260552 65.77
921260612 28.73
921260672 28.17
921260732 32.58
921260792 28.38
921260852 36.08
921260912 25.23
921260972 30.42
921261032 64.15
921261092 27.80
921261152 47.87
921261212 37.60
921261272 29.85
921261332 40.20
921261392 29.57
921261452 41.85
921261512 31.40
921261572 33.00
921261632 33.32
921261692 61.60
921261752 75.63
921261812 74.03
921261872 61.50
921261932 58.28
921261992 70.72
921262052 25.95
921262112 37.73
921262172 35.02
921262232 18.68
921262292 28.97
921262352 34.07
921262412 49.85
921262472 15.10
921262532 86.40
921262592 27.58
921262652 30.73
921262712 46.62
921262772 37.57
921262832 31.60
921262892 53.35
921262952 30.22
921263012 51.95
921263072 43.98
921263132 59.80
921263192 43.22
921263252 25.72
921263312 76.07
921263372 35.37
921263432 24.95
921263492 23.00
921263552 46.63
921263612 45.38
921263672 43.83
921263732 35.38
921263792 39.55
921263852 33.07
921263912 47.25
921263972 33.37
921264032 49.15
921264092 38.37
921264152 28.48
921264212 34.28
921264272 35.83
921264332 19.72
921264392 23.93
921264452 23.28
921264512 36.18
921264572 12.67
921264632 23.05
921264692 48.22
921264752 57.42
921264812 33.18
921264872 31.82
921264932 45.50
921264992 47.50
921265052 50.35
921265112 30.75
921265172 21.37
921265232 33.95
921265292 43.48
921265352 37.22
921265412 38.80
921265472 30.80
921265532 45.33
921265592 41.62
921265652 50.43
921265712 41.18
921265772 29.75
921265832 24.48
921265892 40.82
921265952 34.78
921266012 35.38
921266072 41.12
921266132 28.45
921266192 34.53
921266252 18.32
921266312 31.78
921266372 26.47
921266432 22.00
921266492 46.48
921266552 43.75
921266612 39.07
921266672 54.62
921266732 32.28
921266792 53.50
921266852 30.37
921266912 96.92
921266972 51.45
921267032 63.65
921267092 57.32
921267152 36.78
921267212 39.20
921267272 42.17
921267332 35.93
921267392 34.85
921267452 44.80
921267512 31.47
921267572 42.70
921267632 42.53
921267692 39.23
921267752 49.87
921267812 36.25
921267872 24.75
921267932 27.80
921267992 30.58
921268052 36.92
921268112 23.10
921268172 15.93
921268232 13.73
921268292 23.98
921268352 26.10
921268412 51.53
921268472 35.80
921268532 13.85
921268592 28.53
921268652 18.25
921268712 11.70
921268772 31.93
921268832 44.00
921268892 24.93
921268952 24.63
921269012 21.37
921269072 31.20
921269132 24.63
921269192 26.62
921269252 41.33
921269312 29.05
921269372 38.07
921269432 35.58
921269492 54.08
921269552 27.17
921269612 38.27
921269672 42.83
921269732 23.65
921269792 28.18
921269852 40.73
921269912 66.22
921269972 77.03
921270032 85.28
921270092 78.08
921270152 50.47
921270212 46.85
921270272 107.82
921270332 45.92
921270392 59.20
921270452 43.03
921270512 41.97
921270572 40.03
921270632 41.75
921270692 45.60
921270752 21.45
921270812 25.68
921270872 26.23
921270932 39.78
921270992 67.33
921271052 39.55
921271112 32.95
921271172 83.75
921271232 39.00
921271292 69.12
921271352 32.52
921271412 38.28
921271472 36.18
921271532 53.47
921271592 47.30
921271652 31.73
921271712 20.77
921271772 47.10
921271832 43.65
921271892 29.98
921271952 33.58
921272012 22.77
921272072 43.37
921272132 43.98
921272192 26.52
921272252 21.47
921272312 54.97
921272372 29.55
921272432 32.25
921272492 54.88
921272552 15.15
921272612 44.85
921272672 47.03
921272732 25.15
921272792 40.60
921272852 35.38
921272912 42.33
921272972 38.60
921273032 34.28
921273092 67.52
921273152 65.13
921273212 29.42
921273272 35.63
921273332 35.03
921273392 34.10
921273452 52.52
921273512 56.25
921273572 30.63
921273632 52.67
921273692 67.92
921273752 35.70
921273812 60.37
921273872 77.55
921273932 31.02
921273992 61.08
921274052 46.48
921274112 29.40
921274172 17.50
921274232 31.38
921274292 20.75
921274352 22.12
921274412 14.03
921274472 52.23
921274532 15.07
921274592 10.57
921274652 25.35
921274712 37.10
921274772 35.25
921274832 25.28
921274892 22.30
921274952 39.23
921275012 22.13
921275072 36.82
921275132 30.10
921275192 45.42
921275252 43.72
921275312 50.07
921275372 44.50
921275432 38.27
921275492 49.48
921275552 31.83
921275612 47.10
921275672 39.48
921275732 55.97
921275792 34.90
921275852 36.52
921275912 45.77
921275972 36.92
921276032 32.58
921276092 29.10
921276152 38.38
921276212 44.07
921276272 26.98
921276332 34.42
921276392 13.75
921276452 16.87
921276512 48.63
921276572 35.85
921276632 52.08
921276692 22.77
921276752 29.77
921276812 66.78
921276872 49.98
921276932 51.83
921276992 45.63
921277052 69.70
921277112 50.52
921277172 44.70
921277232 34.03
921277292 44.82
921277352 55.82
921277412 40.82
921277472 51.55
921277532 32.35
921277592 19.03
921277652 26.67
921277712 24.35
921277772 16.57
921277832 11.20
921277892 25.53
921277952 8.22
921278012 7.05
921278072 14.33
921278132 23.05
921278192 14.77
921278252 21.67
921278312 20.73
921278372 12.05
921278432 29.28
921278492 9.40
921278552 14.00
921278612 22.50
921278672 10.15
921278732 32.72
921278792 20.97
921278852 11.33
921278912 14.50
921278972 13.23
921279032 14.57
921279092 12.68
921279152 10.58
921279212 9.38
921279272 9.65
921279332 12.67
921279392 5.37
921279452 6.97
921279512 15.15
921279572 10.45
921279632 6.35
921279692 5.87
921279752 3.53
921279812 10.05
921279872 1.58
921279932 12.65
921279992 8.98
921280052 2.67
921280112 12.03
921280172 6.37
921280232 16.20
921280292 13.40
921280352 7.98
921280412 2.93
921280472 17.03
921280532 12.68
921280592 7.32
921280652 7.93
921280712 9.47
921280772 19.80
921280832 2.70
921280892 40.20
921280952 11.15
921281012 18.43
921281072 2.63
921281132 2.67
921281192 0.60
921281252 1.67
921281312 1.12
921281372 4.40
921281432 2.78
921281492 5.40
921281552 3.45
921281612 1.67
921281672 0.88
921281732 14.63
921281792 12.15
921281852 5.22
921281912 22.03
921281972 2.12
921282032 12.90
921282092 10.70
921282152 7.87
921282212 7.42
921282272 9.38
921282332 4.52
921282392 7.65
921282452 13.62
921282512 7.25
921282572 9.35
921282632 11.25
921282692 18.13
921282752 17.25
921282812 9.43
921282872 4.28
921282932 12.50
921282992 10.53
921283052 9.38
921283112 17.18
921283172 6.35
921283232 3.57
921283292 4.87
921283352 2.82
921283412 8.53
921283472 12.20
921283532 1.25
921283592 7.37
921283652 5.57
921283712 4.77
921283772 5.30
921283832 15.13
921283892 18.50
921283952 2.53
921284012 3.48
921284072 1.52
921284132 2.27
921284192 3.77
921284252 3.33
921284312 7.03
921284372 2.32
921284432 6.37
921284492 8.95
921284552 5.32
921284612 12.07
921284672 11.63
921284732 12.27
921284792 2.83
921284852 8.23
921284912 9.43
921284972 1.92
921285032 17.90
921285092 7.87
921285152 0.83
921285212 4.62
921285272 8.70
921285332 1.32
921285392 3.83
921285452 10.18
921285512 8.07
921285572 4.85
921285632 4.03
921285692 1.12
921285752 0.58
921285812 4.57
921285872 5.27
921285932 9.52
921285992 1.12
921286052 3.77
921286112 4.20
921286172 0.95
921286232 4.00
921286292 0.98
921286352 10.53
921286412 6.52
921286472 7.22
921286532 0.47
921286592 1.37
921286652 10.27
921286712 10.48
921286772 2.65
921286832 0.48
921286892 10.58
921286952 3.37
921287012 5.68
921287072 1.88
921287132 17.28
921287192 4.53
921287252 1.98
921287312 3.87
921287372 0.57
921287432 0.78
921287492 14.23
921287552 12.28
921287612 3.78
921287672 0.73
921287732 4.18
921287792 0.95
921287852 11.95
921287912 3.27
921287972 3.77
921288032 4.73
921288092 4.92
921288152 4.02
921288212 3.00
921288272 0.43
921288332 4.50
921288392 3.33
921288452 5.93
921288512 5.90
921288572 1.92
921288632 4.02
921288692 5.02
921288752 5.63
921288812 11.53
921288872 3.63
921288932 5.35
921288992 5.15
921289052 2.60
921289112 3.98
921289172 3.73
921289232 4.08
921289292 0.80
921289352 0.48
921289412 0.52
921289472 0.63
921289532 4.07
921289592 7.25
921289652 3.88
921289712 0.52
921289772 3.83
921289832 1.37
921289892 5.07
921289952 4.73
921290012 0.48
921290072 0.38
921290132 0.47
921290192 1.18
921290252 6.95
921290312 0.73
921290372 0.48
921290432 4.07
921290492 3.93
921290552 0.87
921290612 3.13
921290672 0.98
921290732 1.90
921290792 7.13
921290852 4.30
921290912 3.48
921290972 0.72
921291032 0.62
921291092 4.80
921291152 0.47
921291212 4.08
921291272 0.47
921291332 0.48
921291392 0.50
921291452 7.32
921291512 1.08
921291572 0.45
921291632 0.50
921291692 0.88
921291752 5.15
921291812 0.67
921291872 7.55
921291932 0.57
921291992 0.37
921292052 0.42
921292112 10.45
921292172 4.27
921292232 4.20
921292292 0.62
921292352 1.40
921292412 1.62
921292472 2.27
921292532 4.28
921292592 13.68
921292652 6.50
921292712 3.05
921292772 0.45
921292832 3.98
921292892 9.37
921292952 0.68
921293012 0.68
921293072 4.13
921293132 15.77
921293192 14.27
921293252 25.90
921293312 13.65
921293372 0.57
921293432 5.45
921293492 8.93
921293552 1.92
921293612 8.37
921293672 2.95
921293732 0.68
921293792 2.05
921293852 0.48
921293912 1.08
921293972 0.35
921294032 1.08
921294092 11.27
921294152 0.55
921294212 2.17
921294272 3.97
921294332 2.83
921294392 1.37
921294452 1.45
921294512 0.65
921294572 1.18
921294632 8.02
921294692 4.78
921294752 0.45
921294812 1.77
921294872 5.47
921294932 7.45
921294992 3.85
921295052 1.63
921295112 2.48
921295172 0.53
921295232 4.02
921295292 2.13
921295352 1.58
921295412 0.42
921295472 1.02
921295532 0.57
921295592 1.00
921295652 1.52
921295712 0.55
921295772 1.03
921295832 1.65
921295892 1.78
921295952 0.98
921296012 4.52
921296072 11.33
921296132 1.67
921296192 6.55
921296252 3.97
921296312 0.47
921296372 1.12
921296432 2.20
921296492 4.20
921296552 0.48
921296612 0.52
921296672 0.48
921296732 0.55
921296792 4.23
921296852 0.38
921296912 0.43
921296972 7.72
921297032 0.65
921297092 4.42
921297152 5.08
921297212 0.47
921297272 3.92
921297332 7.70
921297392 1.05
921297452 0.50
921297512 0.62
921297572 0.45
921297632 0.63
921297692 3.55
921297752 0.50
921297812 0.45
921297872 0.57
921297932 4.02
921297992 7.87
921298052 1.80
921298112 0.45
921298172 0.45
921298232 0.48
921298292 4.68
921298352 0.97
921298412 0.57
921298472 0.43
921298532 1.78
921298592 0.55
921298652 0.60
921298712 0.50
921298772 0.40
921298832 1.02
921298892 0.98
921298952 1.48
921299012 0.82
921299072 0.48
921299132 1.35
921299192 1.98
921299252 0.80
921299312 0.78
921299372 1.68
921299432 1.03
921299492 0.75
921299552 0.50
921299612 0.62
921299672 0.48
921299732 1.70
921299792 1.62
921299852 2.53
921299912 0.48
921299972 1.80
921300032 0.75
921300092 0.92
921300152 1.07
921300212 0.53
921300272 0.43
921300332 0.83
921300392 1.25
921300452 0.83
921300512 1.00
921300572 0.82
921300632 0.78
921300692 1.00
921300752 2.78
921300812 0.50
921300872 0.53
921300932 0.58
921300992 1.10
921301052 0.50
921301112 0.52
921301172 0.52
921301232 2.58
921301292 1.87
921301352 1.30
921301412 0.55
921301472 1.37
921301532 0.52
921301592 0.92
921301652 1.97
921301712 0.48
921301772 0.47
921301832 0.47
921301892 5.43
921301952 1.98
921302012 0.97
921302072 1.65
921302132 0.53
921302192 0.47
921302252 0.50
921302312 1.77
921302372 0.63
921302432 0.60
921302492 1.37
921302552 1.72
921302612 0.35
921302672 1.60
921302732 0.82
921302792 0.58
921302852 0.48
921302912 0.43
921302972 0.73
921303032 1.57
921303092 0.52
921303152 1.67
921303212 0.88
921303272 0.68
921303332 0.45
921303392 1.57
921303452 4.48
921303512 0.58
921303572 1.47
921303632 0.50
921303692 2.68
921303752 0.57
921303812 0.57
921303872 0.60
921303932 1.00
921303992 0.52
921304052 0.43
921304112 0.50
921304172 0.50
921304232 0.50
921304292 1.13
921304352 1.20
921304412 0.50
921304472 0.48
921304532 0.42
921304592 1.08
921304652 0.42
921304712 0.47
921304772 0.43
921304832 0.52
921304892 0.57
921304952 0.55
921305012 0.45
921305072 0.53
921305132 0.45
921305192 1.25
921305252 1.38
921305312 0.55
921305372 0.47
921305432 0.50
921305492 4.47
921305552 0.47
921305612 0.43
921305672 0.47
921305732 0.48
921305792 1.25
921305852 0.48
921305912 0.50
921305972 0.42
921306032 0.50
921306092 0.93
921306152 1.47
921306212 0.42
921306272 0.58
921306332 0.53
921306392 0.47
921306452 0.38
921306512 0.45
921306572 0.42
921306632 0.53
921306692 0.55
921306752 0.52
921306812 0.42
921306872 0.53
921306932 0.52
921306992 1.73
921307052 2.02
921307112 0.40
921307172 0.43
921307232 0.48
921307292 0.60
921307352 0.47
921307412 0.48
921307472 0.37
921307532 0.45
921307592 0.57
921307652 0.53
921307712 0.45
921307772 0.47
921307832 0.47
921307892 1.25
921307952 1.18
921308012 0.48
921308072 0.45
921308132 0.48
921308192 1.03
921308252 0.45
921308312 0.53
921308372 0.38
921308432 0.47
921308492 0.57
921308552 0.50
921308612 0.42
921308672 0.53
921308732 0.48
921308792 0.97
921308852 1.42
921308912 0.47
921308972 0.43
921309032 0.50
921309092 4.57
921309152 0.53
921309212 0.47
921309272 0.45
921309332 0.42
921309392 0.50
921309452 0.47
921309512 0.50
921309572 0.45
921309632 0.47
921309692 1.23
921309752 1.53
921309812 0.38
921309872 0.52
921309932 0.53
921309992 0.40
921310052 0.42
921310112 0.57
921310172 0.42
921310232 0.53
921310292 0.48
921310352 0.42
921310412 0.43
921310472 0.57
921310532 0.45
921310592 1.37
921310652 2.03
921310712 0.48
921310772 0.43
921310832 0.53
921310892 0.52
921310952 0.43
921311012 0.55
921311072 0.43
921311132 0.52
921311192 0.50
921311252 0.40
921311312 0.47
921311372 0.50
921311432 0.58
921311492 1.58
921311552 1.45
921311612 0.42
921311672 0.48
921311732 0.48
921311792 1.08
921311852 0.45
921311912 0.42
921311972 0.42
921312032 0.55
921312092 0.60
921312152 0.52
921312212 0.38
921312272 0.37
921312332 0.48
921312392 0.90
921312452 1.80
921312512 0.47
921312572 0.50
921312632 0.47
921312692 4.57
921312752 0.47
921312812 0.47
921312872 0.45
921312932 0.52
921312992 0.53
921313052 0.43
921313112 0.50
921313172 0.42
921313232 0.47
921313292 0.98
921313352 1.77
921313412 0.45
921313472 0.48
921313532 0.47
921313592 0.48
921313652 0.52
921313712 0.50
921313772 0.45
921313832 0.47
921313892 0.52
921313952 0.48
921314012 0.57
921314072 0.48
921314132 0.48
921314192 1.62
921314252 1.98
921314312 0.50
921314372 0.52
921314432 0.50
921314492 0.52
921314552 0.43
921314612 0.45
921314672 0.50
921314732 0.58
921314792 0.60
921314852 0.48
921314912 0.40
921314972 0.73
921315032 0.60
921315092 1.67
921315152 1.10
921315212 0.38
921315272 0.45
921315332 0.50
921315392 1.05
921315452 0.52
921315512 0.47
921315572 0.42
921315632 0.48
921315692 0.67
921315752 0.48
921315812 0.52
921315872 0.48
921315932 0.52
921315992 1.17
921316052 1.12
921316112 0.42
921316172 0.43
921316232 0.50
921316292 4.62
921316352 0.43
921316412 0.47
921316472 0.47
921316532 0.47
921316592 0.53
921316652 0.47
921316712 0.40
921316772 0.45
921316832 0.52
921316892 0.98
921316952 1.43
921317012 0.48
921317072 0.38
921317132 0.52
921317192 0.48
921317252 0.48
921317312 0.43
921317372 0.48
921317432 0.50
921317492 0.55
921317552 0.48
921317612 0.52
921317672 0.48
921317732 0.52
921317792 1.38
921317852 1.98
921317912 0.50
921317972 0.53
921318032 0.38
921318092 0.52
921318152 0.48
921318212 0.58
921318272 0.43
921318332 0.48
921318392 0.48
921318452 0.42
921318512 0.57
921318572 0.50
921318632 0.43
921318692 1.62
921318752 1.47
921318812 0.45
921318872 0.55
921318932 0.48
921318992 3.13
921319052 2.42
921319112 0.43
921319172 0.45
921319232 0.53
921319292 0.70
921319352 0.50
921319412 0.42
921319472 0.53
921319532 0.45
921319592 1.62
921319652 1.30
921319712 0.43
921319772 0.47
921319832 0.50
921319892 4.60
921319952 0.43
921320012 0.43
921320072 0.45
921320132 0.52
921320192 0.52
921320252 0.50
921320312 0.48
921320372 0.45
921320432 0.53
921320492 1.27
921320552 1.12
921320612 0.42
921320672 0.45
921320732 0.47
921320792 0.52
921320852 0.52
921320912 0.37
921320972 0.42
921321032 0.47
921321092 0.60
921321152 0.48
921321212 0.50
921321272 0.43
921321332 0.48
921321392 1.38
921321452 1.97
921321512 0.47
921321572 0.50
921321632 0.50
921321692 0.53
921321752 0.47
921321812 0.52
921321872 0.40
921321932 0.48
921321992 0.53
921322052 0.43
921322112 0.52
921322172 0.50
921322232 0.55
921322292 1.37
921322352 1.43
921322412 0.42
921322472 0.48
921322532 0.43
921322592 1.05
921322652 0.52
921322712 0.43
921322772 0.37
